0
27910000
27810000
27700000
27570000
27450000
27320000
27200000
27070000
26950000
26820000
26680000
26550000
26420000
26280000
26150000
26080000
26010000
25930000
25860000
25790000
25650000
25520000
25380000
25250000
25110000
24980000
24720000
24450000
24190000
23930000
4110000
4100000
4090000
4090000
4090000
4090000
4070000
4030000
4030000
4010000
3980000
3970000
3950000
3930000
3910000
3880000
3850000
3830000
3810000
3780000
3760000
3750000
3730000
3690000
3660000
3610000
3580000
3550000
3540000
3520000
2160000
2160000
2160000
2160000
2160000
2150000
2150000
2140000
2140000
2130000
2130000
2130000
2130000
2130000
2130000
2130000
2130000
2120000
2120000
2110000
2110000
2100000
2090000
2080000
2080000
2080000
2080000
2080000
2080000
2080000
11666172
11715228
11835264
11749668
11517828
11394096
11500608
11579652
11678436
11726568
11746308
11317740
11582844
11835012
11624928
11340252
11352012
11425092
11622156
11387460
11567724
11596872
11747568
11810148
12149592
1313861
13058808
1301156
13377756
1288452
13625808
1275747
1263043
1250338
1237634
1224929
1212225
13522656
1183398
1183047
1182695
1182343
1181992
1180084
1180084
1180084
1180084
1180084
1180084
1180084
1174126
1172704
1171282
1169860
1168437
13415808
1132090
1124231
1116372
1108513
85772
85772
85772
85771
85771
85770
85770
85770
85770
85770
85770
85770
85119
85105
85091
85077
84500
84409
84371
84357
84306
84254
84241
84202
84151
84112
84099
84047
83996
83983
7346
7346
7346
7346
7346
1827
1827
1827
1827
43
43
43
43
43
43
43
43
43
18
18
18
18
18
18
18
18
18
18
18
18
0
0
0
0
0
0
0
0
0
0
0
0
0
0
0
0
0
0
0
0
0
0
0
0
0
0
0
0
0
0
0
0
0
0
0
0
0
0
0
0
0
0
0
0
0
0
0
0
0
0
0
0
0
0
0
0
0
0
0
0
0
0
0
0
0
0
0
0
0
0
0
0
0
0
0
0
0
0
0
0
0
0
0
0
0
0
0
0
0
0
0
0
0
0
0
0
0
0
0
0
0
0
0
0
0
0
0
0
0
0
0
0
0
0
0
0
0
0
0
0
0
0
0
0
0
0
0
0
0
0
0
0
0
0
0
0
0
0
0
0
0
0
0
0
0
0
0
0
0
0
0
0
0
0
0
0
0
0
0
0
0
0
0
0
0
0
0
0
0
0
0
0
0
0
0
0
0
0
0
0
0
0
0
0
0
0
0
0
0
0
0
0
0
0
0
0
0
0
0
0
0
0
0
0
0
0
0
0
0
0
0
0
0
0
0
0
0
0
0
0
0
0
0
0
0
0
0
0
0
0
0
0
0
0
0
0
0
0
0
0
0
0
0
0
0
0
0
0
0
0
0
0
0
0
0
0
0
0
0
0
0
0
0
0
0
0
0
0
0
0
0
0
0
0
0
0
0
0
0
0
0
0
0
0
0
0
0
0
0
0
0
0
0
0
0
0
0
0
0
0
0
0
0
0
0
0
0
0
0
0
0
0
0
0
0
0
0
0
0
0
0
0
0
0
0
0
0
0
0
0
0
0
0
0
0
0
0
0
0
0
0
0
0
0
0
0
0
0
0
0
0
0
0
0
0
0
0
0
0
0
0
0
0
0
0
0
0
0
0
0
0
0
0
0
0
0
0
0
0
0
0
0
0
0
0
0
0
0
0
0
0
0
0
0
0
0
0
0
0
0
0
0
0
0
0
0
0
0
0
0
0
0
0
0
0
0
0
0
0
0
0
0
0
0
0
0
0
0
0
0
0
0
0
0
0
0
0
0
0
0
0
0
0
0
0
0
0
0
0
0
0
0
0
0
0
0
0
0
0
0
0
0
0
0
0
0
0
0
0
0
0
0
0
0
0
0
0
0
0
0
0
0
0
0
0
0
0
0
0
0
0
0
0
0
0
0
0
0
0
0
0
0
0
0
0
0
0
0
0
0
0
0
0
0
0
0
0
0
0
0
0
0
0
0
0
0
0
0
0
0
0
0
0
0
0
0
0
0
0
0
0
0
0
0
0
0
0
0
0
0
0
0
0
0
0
0
0
0
0
0
0
0
0
0
0
0
0
0
0
0
0
0
0
0
0
0
0
0
0
0
0
0
0
0
0
0
0
0
0
0
0
0
0
0
0
0
0
0
0
0
0
0
0
0
0
0
0
0
0
0
0
0
0
0
0
0
0
0
0
0
0
0
0
0
0
0
0
0
0
0
0
0
0
0
0
0
0
0
0
0
0
0
0
0
0
0
0
0
0
0
0
0
0
0
0
0
0
0
0
0
0
0
0
0
0
0
0
0
0
0
0
0
0
0
0
0
0
0
0
0
0
0
0
0
0
0
0
0
0
0
0
0
0
0
0
0
0
0
0
0
0
0
0
0
0
0
0
0
0
0
0
0
0
0
0
0
0
0
0
0
0
0
0
0
0
0
0
0
0
0
0
0
0
0
0
0
0
0
0
0
0
0
0
0
0
0
0
0
0
0
0
0
0
0
0
0
0
0
0
0
0
0
0
0
0
0
0
0
0
0
0
0
0
0
0
0
0
0
0
0
0
0
0
0
0
0
0
0
0
0
0
0
0
0
0
0
0
0
0
0
0
0
0
0
0
0
0
0
0
0
0
0
0
0
0
0
0
0
0
0
0
0
0
0
0
0
0
0
0
0
0
0
0
0
0
0
0
0
0
0
0
0
0
0
0
0
0
0
0
0
0
0
0
0
0
0
0
0
0
0
0
0
0
0
0
0
0
0
0
0
0
0
0
0
0
0
0
0
0
0
0
0
0
0
0
0
0
0
0
0
0
0
0
0
0
0
0
0
0
0
0
0
0
0
0
0
0
0
0
0
0
0
0
0
0
0
0
0
0
0
0
0
0
0
0
0
0
0
0
0
0
0
0
0
0
0
0
0
0
0
0
0
0
0
0
0
0
0
0
0
0
0
0
0
0
0
0
0
0
0
0
0
0
0
0
0
0
0
0
0
0
0
0
0
0
0
0
0
0
0
0
0
0
0
0
0
0
0
0
0
0
0
0
0
0
0
0
0
0
0
0
0
0
0
0
0
0
0
0
0
0
0
0
0
0
0
0
0
0
0
0
0
0
0
0
0
0
0
0
0
0
0
0
0
0
0
0
0
0
0
0
0
0
0
0
0
0
0
0
0
0
0
0
0
0
0
0
0
0
0
0
0
0
0
0
0
0
0
0
0
0
0
0
0
0
0
0
0
0
0
0
0
0
0
0
0
0
0
0
0
0
0
0
0
0
0
0
0
0
0
0
0
0
0
0
0
0
0
0
0
0
0
0
0
0
0
0
0
0
0
0
0
0
0
0
0
0
0
0
0
0
0
0
0
0
0
0
0
0
0
0
0
0
0
0
0
0
0
0
0
0
0
0
0
0
0
0
0
0
0
0
0
0
0
0
0
0
0
0
0
0
0
0
0
0
0
0
0
0
0
0
0
0
0
0
0
0
0
0
0
0
0
0
0
0
0
0
0
0
0
0
0
0
0
0
0
0
0
0
0
0
0
0
0
0
0
0
0
0
0
0
0
0
0
0
0
0
0
0
0
0
0
0
0
0
0
0
0
0
0
0
0
0
0
0
0
0
0
0
0
0
0
0
0
0
0
0
0
0
0
0
0
0
0
0
0
0
0
0
0
0
0
0
0
0
0
0
0
0
0
0
0
0
0
0
0
0
0
0
0
0
0
0
0
0
0
0
0
0
0
0
0
0
0
0
0
0
0
0
0
0
0
0
0
0
0
0
0
0
0
0
0
0
0
0
0
0
0
0
0
0
0
0
0
0
0
0
0
0
0
0
0
0
0
0
0
0
0
0
0
0
0
0
0
0
0
0
0
0
0
0
0
0
0
0
0
0
0
0
0
0
0
0
0
0
0
0
0
0
0
0
0
0
0
0
0
0
0
0
0
0
0
0
0
0
0
0
0
0
0
0
0
0
0
0
0
0
0
0
0
0
0
0
0
0
0
0
0
0
0
0
0
0
0
0
0
0
0
0
0
0
0
0
0
0
0
0
0
0
0
0
0
0
0
0
0
0
0
0
0
0
0
0
0
0
0
0
0
0
0
0
0
0
0
0
0
0
0
0
0
0
0
0
0
0
0
0
0
0
0
0
0
0
0
0
0
0
0
0
0
0
0
0
0
0
0
0
0
0
0
0
0
0
0
0
0
0
0
0
0
0
0
0
0
0
0
0
0
0
0
0
0
0
0
0
0
0
0
0
0
0
0
0
0
0
0
0
0
0
0
0
0
0
0
0
0
0
0
0
0
0
0
0
0
0
0
0
0
0
0
0
0
0
0
0
0
0
0
0
0
0
0
0
0
0
0
0
0
0
0
0
0
0
0
0
0
0
0
0
0
0
0
0
0
0
0
0
0
0
0
0
0
0
0
0
0
0
0
0
0
0
0
0
0
0
0
0
0
0
0
0
0
0
0
0
0
0
0
0
0
0
0
0
0
0
0
0
0
0
0
0
0
0
0
0
0
0
0
0
0
0
0
0
0
0
0
0
0
0
0
0
0
0
0
0
0
0
0
0
0
0
0
0
0
0
0
0
0
0
0
0
0
0
0
0
0
0
0
0
0
0
0
0
0
0
0
0
0
0
0
0
0
0
0
0
0
0
0
0
0
0
0
0
0
0
0
0
0
0
0
0
0
0
0
0
0
0
0
0
0
0
0
0
0
0
0
0
0
0
0
0
0
0
0
0
0
0
0
0
0
0
0
0
0
0
0
0
0
0
0
0
0
0
0
0
0
0
0
0
0
0
0
0
0
0
0
0
0
0
0
0
0
0
0
0
0
0
0
0
0
0
0
0
0
0
0
0
0
0
0
0
0
0
0
0
0
0
0
0
0
0
0
0
0
0
0
0
0
0
0
0
0
0
0
0
0
0
0
0
0
0
0
0
0
0
0
0
0
0
0
0
0
0
0
0
0
0
0
0
0
0
0
0
0
0
0
0
0
0
0
0
0
0
0
0
0
0
0
0
0
0
0
0
0
0
0
0
0
0
0
0
0
0
0
0
0
0
0
0
0
0
0
0
0
0
0
0
0
0
0
0
0
0
0
0
0
0
0
0
0
0
0
0
0
0
0
0
0
0
0
1
1
1
1
1
1
1
1
1
1
1
1
1
1
1
1
1
1
2
2
2
2
2
2
2
2
2
2
2
2
2
2
2
2
2
2
2
2
2
3
3
3
3
3
3
3
3
3
3
3
3
3
3
3
3
3
3
3
3
3
4
4
4
4
4
4
4
4
4
4
4
4
4
4
4
4
4
4
5
5
5
5
5
5
5
5
5
5
5
5
5
6
6
6
6
6
6
6
6
6
6
6
6
6
6
6
6
7
7
7
7
7
7
7
7
7
7
7
7
7
7
7
7
8
8
8
8
8
8
8
8
8
8
8
8
8
8
8
8
8
8
9
9
9
9
9
9
9
9
9
9
9
9
9
9
9
9
9
9
9
9
9
9
10
10
10
10
10
10
10
10
10
10
10
10
10
10
10
10
10
10
10
10
10
10
11
11
11
11
11
11
11
11
11
11
11
11
11
11
11
11
11
11
12
12
12
12
12
12
12
12
13
13
13
13
13
13
13
14
14
14
14
14
14
14
14
14
14
14
14
14
14
14
14
14
15
15
15
15
15
15
15
15
15
16
16
16
16
16
16
16
16
17
17
17
17
17
17
17
18
18
18
18
18
18
18
18
18
18
19
19
19
19
19
19
19
19
19
19
19
20
20
20
20
20
20
20
20
20
20
20
21
21
21
21
21
21
21
21
21
21
22
22
22
22
22
22
22
22
22
22
22
22
22
22
22
22
23
23
23
23
23
23
23
23
23
23
23
23
23
23
24
24
24
24
24
24
24
24
24
24
24
24
24
24
25
25
25
25
25
25
25
25
25
25
26
26
26
26
26
26
26
26
26
26
26
26
35
26
26
27
27
27
27
27
27
27
27
27
27
27
27
28
28
28
28
28
28
28
28
28
29
29
29
29
29
29
30
30
30
30
30
30
30
30
30
30
30
31
31
31
31
31
31
35
31
31
31
31
31
32
32
32
32
32
33
33
33
33
33
33
33
33
33
33
33
33
33
34
34
34
34
34
34
35
35
35
35
35
35
35
35
35
35
35
35
35
35
35
35
35
35
35
35
35
35
35
35
35
36
36
36
36
36
36
36
37
37
37
37
37
37
37
37
37
37
37
37
37
37
37
38
38
38
38
38
38
38
38
38
38
38
38
38
38
38
38
38
38
39
39
39
39
39
39
39
39
39
39
39
39
39
39
39
40
40
40
40
40
40
41
41
41
41
41
41
41
42
42
42
42
42
43
43
43
43
43
44
44
44
44
44
44
44
44
44
44
44
45
45
45
45
45
46
46
46
46
46
46
47
47
47
47
47
47
47
47
47
47
48
48
48
48
49
49
49
49
50
50
50
50
50
50
50
50
51
51
51
51
51
51
51
51
51
52
52
52
52
54
54
54
54
54
54
54
54
55
55
55
55
55
55
55
55
55
56
56
56
56
56
57
57
57
57
57
58
59
59
59
59
60
60
60
60
61
61
61
62
62
62
63
63
63
64
64
65
65
65
66
66
66
67
67
68
68
68
68
68
68
69
69
69
69
70
70
70
70
70
71
72
72
72
72
72
72
72
73
73
73
73
73
73
73
73
73
74
74
74
74
74
74
74
74
74
74
74
74
74
74
75
75
75
75
75
75
75
76
76
76
76
76
77
77
77
78
78
78
78
79
79
79
80
80
80
80
81
81
81
81
82
82
82
82
82
83
83
83
83
84
84
84
85
85
85
85
86
86
86
86
87
87
88
88
88
88
89
89
89
89
89
89
89
90
90
90
91
91
92
92
93
93
94
94
94
95
95
95
95
95
96
96
96
96
97
97
98
98
98
98
98
98
98
98
98
98
99
99
99
99
99
100
100
100
100
100
100
100
100
101
101
101
101
102
102
102
102
103
103
104
104
104
104
104
104
104
104
105
105
106
106
106
106
108
108
109
109
110
110
110
110
110
110
111
111
111
111
112
112
112
112
112
112
112
113
113
113
113
114
114
114
114
114
115
115
115
116
116
116
116
117
117
117
117
117
117
117
117
118
118
118
118
118
119
119
120
120
120
120
120
121
121
121
121
121
121
121
121
122
122
122
122
122
122
122
123
123
123
123
123
123
123
124
124
124
125
125
125
125
125
126
126
126
126
126
126
126
126
126
127
127
127
127
127
128
128
129
129
129
129
130
130
130
130
130
130
130
130
130
131
131
131
131
131
132
132
132
132
133
134
134
134
134
134
135
135
135
135
136
136
136
136
137
137
137
137
137
137
137
137
137
138
138
138
138
138
138
138
139
139
139
139
140
140
140
141
141
141
142
142
143
143
143
144
144
145
145
145
145
145
145
145
145
146
146
146
146
146
146
147
147
148
148
149
149
149
150
150
151
151
151
151
152
152
153
153
153
154
154
154
155
155
155
155
156
156
156
156
156
156
156
157
158
158
158
158
159
159
159
160
160
160
160
161
161
161
162
162
163
164
164
164
164
164
165
165
166
166
167
167
167
167
167
167
168
168
168
168
168
168
169
169
169
169
170
170
170
170
171
171
171
171
171
172
172
172
172
172
173
173
173
174
174
174
175
175
176
176
176
176
176
176
176
177
177
177
177
177
177
177
178
178
178
178
179
179
179
179
180
180
180
181
181
181
181
181
182
182
182
183
183
183
184
184
184
184
184
185
185
185
185
186
186
186
186
186
187
187
188
189
190
190
190
190
190
190
191
191
191
191
191
191
191
192
192
193
194
194
194
194
194
195
195
196
196
196
196
196
196
196
197
197
198
199
199
199
199
200
200
200
201
201
202
202
202
202
202
203
203
203
203
203
204
204
204
204
205
205
205
205
205
205
206
206
207
207
207
208
208
208
208
208
209
209
209
210
210
210
211
211
211
211
211
211
212
212
212
213
213
213
213
213
213
214
214
214
214
214
215
215
216
216
216
216
217
217
217
217
217
217
218
218
218
219
220
220
220
220
221
221
221
221
222
222
222
223
223
223
223
223
224
224
224
224
224
224
225
225
225
225
226
226
226
227
227
227
227
227
228
228
228
228
228
229
229
229
230
230
230
230
230
230
231
231
231
231
231
232
232
232
232
232
232
232
233
234
234
234
235
235
236
236
236
236
237
238
238
239
239
239
239
240
240
240
241
241
241
241
241
242
242
243
243
243
244
245
245
245
245
245
246
247
248
248
251
251
251
251
252
252
252
255
255
255
256
257
257
258
258
259
259
259
259
261
261
263
264
265
265
266
266
266
266
266
266
267
269
269
270
270
270
270
271
272
272
273
273
275
276
276
277
277
278
278
278
278
279
279
282
282
282
283
283
285
286
287
288
288
289
289
289
290
290
290
290
290
291
291
292
292
293
294
294
295
295
295
295
296
298
298
299
299
300
300
301
302
302
303
303
304
304
305
305
305
306
307
307
309
310
310
311
312
312
312
313
315
316
316
317
317
318
319
319
320
323
323
323
323
324
324
324
324
324
324
325
327
327
327
328
328
328
328
328
329
329
329
331
332
332
334
334
335
336
336
336
336
336
336
337
337
337
338
338
339
340
341
341
342
342
342
343
343
343
343
344
344
344
345
345
345
345
346
346
346
348
349
350
351
352
352
352
353
353
353
353
354
354
355
355
356
356
356
357
358
358
359
359
359
359
359
360
360
361
361
361
361
362
362
363
363
363
363
363
364
364
364
365
365
366
366
366
367
367
367
369
369
370
370
370
370
370
371
372
373
373
373
373
374
374
374
374
374
375
377
377
378
380
381
381
381
382
382
383
383
383
383
384
384
384
386
387
387
387
387
387
388
388
389
389
389
389
390
392
392
392
393
393
393
394
394
395
396
396
399
400
400
400
402
402
403
403
403
404
405
407
407
408
408
409
410
410
410
413
413
413
415
415
415
417
418
418
418
419
419
421
421
422
423
424
424
425
426
426
426
428
428
429
429
429
429
430
433
433
433
434
434
435
435
435
435
435
436
439
439
440
441
441
442
443
443
444
444
446
448
449
449
451
452
453
453
454
456
456
456
456
456
457
460
461
461
462
463
463
464
464
465
465
465
466
466
467
469
469
469
469
470
471
471
471
472
474
474
474
476
479
480
481
481
481
482
482
483
484
484
484
484
484
485
486
487
487
488
489
489
489
489
490
492
492
493
494
494
494
495
495
497
498
499
499
501
502
502
502
504
504
505
505
506
506
506
507
509
509
509
510
510
510
510
511
512
512
515
515
516
516
516
517
518
519
519
521
522
523
524
527
528
529
529
530
531
531
532
533
533
533
533
534
535
535
535
535
536
538
539
540
540
540
540
542
543
543
544
544
545
546
546
548
548
548
548
550
550
551
551
551
551
551
552
553
553
553
555
555
555
555
556
560
561
561
561
561
562
563
770
564
566
566
567
567
567
568
571
571
571
576
577
578
580
580
580
581
581
581
583
583
584
584
584
585
585
585
586
588
588
588
589
589
590
590
591
592
596
598
600
600
600
602
602
602
603
604
605
606
607
607
608
609
609
610
610
611
611
612
613
613
614
615
616
616
617
617
618
619
622
624
625
625
626
626
626
627
630
630
630
633
634
635
635
635
636
636
638
638
640
641
643
643
644
644
645
646
647
649
649
649
650
651
651
651
653
656
657
658
659
662
663
664
668
668
669
670
671
672
672
672
673
673
674
677
677
677
678
678
678
678
679
681
681
683
687
688
689
691
695
696
697
697
697
697
701
702
705
705
706
709
710
710
710
712
712
712
712
712
712
714
714
715
719
719
719
719
720
720
721
722
722
723
724
725
726
726
726
727
728
729
729
731
732
733
734
734
734
734
735
736
737
737
737
740
743
743
743
744
744
745
746
746
746
747
747
748
750
752
752
753
753
755
755
755
756
756
757
758
759
759
760
761
761
762
763
763
763
763
767
769
772
774
774
775
776
777
778
779
780
780
780
781
782
785
787
787
788
789
789
790
792
796
796
796
797
797
798
798
798
798
800
800
801
802
802
803
803
805
807
807
807
807
810
810
812
813
814
817
818
818
818
818
818
821
821
822
823
824
824
824
825
826
826
828
828
829
830
831
831
832
832
833
833
834
834
835
835
836
836
836
837
837
838
839
841
842
843
843
844
845
845
849
849
849
850
851
853
854
858
858
859
860
860
861
865
866
866
868
869
869
870
870
871
871
872
874
874
875
876
878
879
879
880
880
880
880
881
881
881
882
882
882
883
884
885
886
886
889
889
889
890
890
890
892
895
895
895
896
897
897
897
898
898
900
901
901
904
904
906
906
908
908
908
910
911
911
913
915
915
915
915
917
917
918
919
920
921
922
922
923
929
930
930
930
931
932
934
937
938
938
938
939
939
939
941
941
941
943
943
945
945
945
946
947
950
952
953
955
956
957
958
958
959
960
961
963
964
964
964
965
965
966
966
967
967
967
969
970
972
972
974
975
976
977
978
978
980
982
983
984
985
985
986
986
989
991
993
993
996
1000
1001
1002
1004
1005
1008
1010
1010
1011
1014
1017
1017
1020
1021
1022
1023
1024
1026
1026
1027
1028
1029
1029
1035
1036
1038
1040
1040
1041
1042
1043
1044
1048
1052
1055
1055
1057
1058
1059
1059
1061
1061
1061
1062
1062
1063
1063
1064
1065
1065
1066
1068
1069
1070
1070
1071
1071
1073
1078
1080
1081
1081
1081
1081
1082
1082
1084
1084
1087
1087
1088
1089
1090
1090
1091
1092
1094
1095
1096
1099
1099
1100
1102
1104
1105
1108
1111
1113
1115
1115
1117
1118
1118
1119
1120
1120
1123
1123
1125
1126
1128
1129
1129
1130
1131
1131
1132
1136
1138
1138
1138
1139
1141
1141
1144
1146
1148
1153
1154
1156
1160
1161
1161
1162
1162
1162
1163
1163
1163
1163
1164
1164
1167
1169
1171
1172
1174
1175
1175
1182
1185
1186
1187
1187
1187
1189
1189
1189
1197
1197
1199
1201
1202
1203
1213
1214
1216
1217
1220
1222
1225
1225
1225
1226
1227
1228
1231
1234
1236
1236
1237
1237
1238
1240
1240
1242
1242
1243
1244
1244
1246
1246
1247
1249
1249
1249
1252
1252
1253
1254
1254
1256
1256
1256
1256
1258
1258
1260
1260
1264
1267
1268
1269
1271
1271
1273
1273
1274
1274
1274
1275
1277
1280
1284
1285
1287
1290
1294
1294
1298
1299
1301
1302
1304
1305
1306
1307
1310
1311
1311
1314
1318
1320
1320
1321
1322
1322
1323
1324
1326
1328
1328
1329
1330
1330
1334
1337
1337
1339
1341
1342
1344
1344
1344
1345
1347
1349
1352
1354
1355
1355
1359
1361
1362
1366
1366
1367
1367
1368
1370
1371
1372
1374
1376
1383
1383
1391
1392
1396
1397
1400
1401
1402
1403
1403
1404
1407
1411
1412
1413
1413
1417
1420
1422
1426
1428
1431
1431
1432
1433
1434
1438
1438
1440
1441
1444
1444
1445
1449
1450
1454
1456
1464
1464
1468
1469
1471
1471
1474
1478
1480
1481
1482
1482
1483
1484
1489
1492
1493
1501
1502
1503
1504
1504
1510
1510
1511
1512
1513
1515
1520
1520
1522
1523
1525
1525
1527
1527
1532
1535
1538
1540
1542
1547
1549
1549
1549
1553
1556
1556
1558
1562
1564
1565
1566
1568
1568
1570
1575
1575
1578
1578
1580
1586
1587
1587
1595
1597
1598
1606
1609
1609
1609
1611
1613
1614
1615
1618
1619
1621
1622
1622
1624
1625
1627
1627
1629
1632
1633
1637
1637
1637
1638
1638
1644
1645
1646
1648
1653
1660
1661
1662
1664
1665
1668
1670
1670
1671
1673
1674
1675
1679
1681
1684
1687
1687
1688
1688
1690
1697
1699
1701
1703
1704
1705
1709
1711
1713
1714
1715
1717
1720
1725
1726
1727
1737
1737
1737
1738
1741
1741
1742
1744
1753
1763
1769
1773
1774
1774
1776
1780
1789
1790
1798
1805
1810
1810
1817
1819
1820
1826
1828
1828
1829
1831
1831
1835
1836
1841
1843
1847
1849
1849
1850
1856
1864
1866
1867
1868
1870
1872
1878
1878
1879
1880
1880
1881
1885
1886
1888
1889
1889
1890
1891
1892
1897
1898
1900
1901
1906
1913
1916
1921
1925
1926
1932
1935
1938
1938
1943
1944
1945
1945
1945
1946
1948
1951
1955
1956
1957
1961
1962
1963
1964
1975
1982
1983
1985
1985
1988
1996
1998
2003
2005
2006
2006
2007
2008
2014
2016
2019
2019
2020
2021
2025
2026
2027
2036
2041
2044
2046
2046
2046
2050
2052
2053
2057
2064
2064
2070
2072
2074
2076
2079
2079
2079
2080
2083
2084
2085
2085
2086
2087
2087
2087
2090
2091
2096
2097
2100
2100
2103
2107
2107
2110
2117
2122
2125
2132
2133
2136
2138
2141
2142
2143
2145
2152
2153
2156
2156
2158
2158
2158
2159
2164
2166
2168
2172
2172
2175
2180
2182
2182
2185
2185
2187
2193
2196
2197
2200
2205
2207
2207
2216
2221
2221
2228
2228
2229
2231
2231
2231
2232
2234
2235
2237
2238
2242
2243
2247
2249
2250
2252
2252
2255
2259
2259
2260
2263
2265
2265
2265
2268
2272
2273
2273
2277
2277
2279
2279
2280
2280
2282
2283
2294
2294
2296
2297
2298
2301
2302
2303
2307
2307
2308
2310
2311
2311
2313
2316
2316
2317
2321
2327
2329
2330
2331
2334
2336
2338
2338
2341
2341
2342
2344
2344
2346
2348
2351
2357
2357
2357
2358
2360
2361
2362
2364
2366
2375
2378
2380
2386
2389
2391
2392
2394
2396
2399
2400
2404
2404
2408
2408
2409
2418
2419
2422
2425
2426
2427
2432
2439
2441
2441
2442
2442
2443
2447
2447
2449
2449
2465
2466
2474
2478
2479
2482
2489
2494
2496
2511
2515
2523
2523
2525
2530
2532
2534
2542
2543
2549
2550
2552
2555
2556
2556
2561
2561
2563
2564
2564
2565
2570
2576
2578
2581
2581
2584
2592
2592
2605
2607
2615
2618
2623
2628
2629
2632
2632
2634
2637
2637
2640
2641
2641
2646
2647
2651
2654
2656
2657
2664
2669
2671
2672
2672
2673
2673
2679
2681
2687
2690
2690
2691
2697
2698
2704
2705
2706
2708
2711
2713
2714
2714
2716
2719
2725
2727
2728
2734
2736
2736
2742
2743
2744
2745
2749
2749
2758
2760
2760
2766
2768
2769
2774
2775
2776
2780
2783
2786
2788
2788
2792
2793
2795
2796
2798
2798
2803
2808
2808
2811
2812
2813
2816
2822
2825
2831
2832
2834
2837
2839
2845
2845
2848
2848
2850
2850
2850
2850
2851
2854
2856
2869
2875
2881
2881
2881
2883
2883
2883
2883
2892
2893
2893
2894
2894
2897
2900
2901
2903
2905
2906
2908
2911
2914
2915
2920
2920
2923
2924
2925
2928
2929
2932
2935
2936
2937
2937
2938
2943
2945
2945
2950
2951
2954
2955
2958
2958
2959
2965
2967
2968
2970
2976
2979
2981
2983
2987
2993
2995
2998
3000
3005
3010
3012
3013
3016
3019
3019
3019
3019
3019
3019
3019
3019
3019
3019
3019
3019
3019
3019
3019
3019
3019
3019
3019
3019
3021
3023
3024
3026
3026
3027
3032
3032
3034
3041
3044
3048
3048
3053
3054
3056
3058
3059
3061
3062
3063
3064
3072
3072
3076
3084
3086
3092
3094
3094
3094
3096
3096
3097
3100
3106
3106
3107
3111
3111
3113
3113
3117
3117
3122
3122
3125
3132
3134
3135
3135
3138
3141
3141
3143
3144
3145
3149
3157
3158
3164
3171
3179
3184
3188
3188
3189
3194
3195
3197
3199
3202
3203
3204
3205
3207
3208
3210
3214
3215
3220
3220
3222
3223
3226
3227
3228
3240
3244
3245
3247
3251
3252
3253
3257
3262
3265
3267
3268
3276
3278
3281
3284
3293
3295
3296
3298
3305
3305
3309
3316
3317
3319
3320
3320
3324
3324
3324
3326
3327
3330
3340
3341
3343
3352
3352
3356
3363
3365
3369
3369
3370
3375
3382
3386
3398
3404
3404
3409
3419
3420
3426
3429
3434
3437
3442
3443
3443
3448
3448
3457
3457
3462
3466
3469
3472
3472
3473
3474
3476
3483
3485
3488
3488
3491
3499
3500
3502
3503
3507
3507
3507
3508
3521
3524
3525
3533
3535
3540
3547
3560
3560
3562
3562
3564
3569
3569
3569
3579
3581
3584
3586
3590
3590
3600
3600
3601
3605
3606
3606
3609
3613
3614
3616
3616
3616
3617
3623
3627
3628
3629
3633
3634
3635
3637
3642
3644
3649
3660
3662
3666
3679
3680
3701
3702
3712
3718
3719
3721
3739
3743
3744
3747
3747
3750
3751
3757
3761
3762
3764
3771
3775
3776
3795
3796
3797
3798
3799
3811
3815
3816
3816
3817
3817
3817
3820
3835
3843
3846
3850
3863
3865
3865
3883
3883
3883
3885
3890
3892
3892
3893
3895
3896
3922
3922
3930
3936
3953
3958
3958
3959
3960
3962
3977
3979
3980
3990
4005
4006
4006
4008
4010
4016
4026
4027
4042
4854
4042
4042
4053
4055
4056
4062
4067
4072
4073
4075
4075
4078
4082
4085
4087
4091
4097
4101
4102
4105
4105
4107
4108
4109
4111
4112
4112
4121
4132
4145
4150
4153
4160
4161
4166
4168
4170
4174
4176
4179
4179
4180
4181
4182
4195
4195
4195
4196
4208
4211
4212
4212
4224
4234
4238
4240
4244
4250
4256
4262
4269
4269
4271
4288
4289
4290
4293
4298
4298
4298
4300
4301
4302
4302
4307
4311
4315
4319
4321
4324
4332
4333
4343
4346
4348
4349
4364
4377
4389
4391
4391
4399
4405
4406
4411
4412
4431
4434
4438
4441
4447
4447
4448
4448
4451
4454
4456
4457
4461
4469
4469
4491
4493
4495
4496
4506
4515
4521
4521
4530
4536
4543
4545
4547
4548
4559
4561
4569
4578
4579
4583
4584
4586
4587
4587
4591
4592
4595
4596
4597
4615
4631
4635
4635
4660
4671
4674
4675
4683
4687
4689
4699
4703
4708
4709
4713
4715
4716
4720
4724
4724
4730
4730
4731
4733
4740
4743
4753
4755
4763
4771
4772
4773
4791
4796
4799
4803
4803
4811
4821
4824
4835
4842
4843
4844
4854
4854
4855
4855
4865
4870
4879
4886
4889
4891
4896
4900
4908
4911
4917
4922
4923
4930
4931
4931
4932
4934
4944
4945
4954
4958
4977
4978
4984
4984
4985
5007
5008
5008
5008
5008
5008
5008
5008
5008
5008
5014
5019
5021
5023
5023
5025
5027
5030
5036
5042
5045
5046
5049
5059
5065
5067
5083
5098
5100
5101
5108
5109
5115
5120
5122
5124
5126
5127
5128
5137
5145
5149
5153
5155
5155
5157
5161
5167
5187
5195
5197
5199
5209
5210
5215
5216
5216
5216
5223
5228
5236
5245
5246
5250
5254
5274
5279
5282
5282
5284
5286
5291
5295
5297
5333
5336
5340
5351
5359
5362
5363
5370
5373
5378
5391
5401
5403
5406
5408
5413
5420
5421
5436
5437
5451
5451
5466
5470
5481
5489
5491
5493
5499
5507
5513
5525
5527
5529
5534
5544
5550
5550
5562
5582
5590
5590
5592
5600
5609
5614
5631
5638
5638
5645
5656
5667
5671
5672
5700
5711
5711
5713
5727
5734
5735
5739
5750
5765
5768
5769
5776
5780
5781
5785
5799
5815
5818
5820
5820
5828
5836
5838
5838
5841
5857
5857
5860
5864
5866
5872
5883
5892
5897
5911
5915
5917
5921
5926
5928
5937
5940
5946
5949
5952
5963
5967
5969
5974
5976
5978
5981
5983
5992
5994
5995
5996
5997
6000
6012
6015
6016
6028
6032
6046
6050
6057
6080
6089
6090
6094
6125
6125
6127
6129
6140
6141
6143
6144
6153
6153
6161
6170
6175
6187
6192
6194
6223
6227
6231
6233
6251
6275
6276
6277
6278
6280
6281
6282
6287
6293
6299
6310
6312
6328
6329
6340
6352
6363
6364
6394
6394
6413
6418
6420
6421
6427
6427
6437
6443
6443
6447
6451
6459
6459
6480
6517
6520
6530
6531
6531
6532
6536
6536
6539
6541
6548
6554
6563
6581
6586
6587
6594
6596
6601
6619
6621
6625
6629
6631
6631
6636
6636
6636
6640
6642
6644
6646
6649
6651
6660
6670
6670
6673
6691
6692
6694
6696
6698
6705
6707
6718
6727
6731
6734
6743
6744
6745
6754
6760
6761
6779
6782
6785
6787
6789
6804
6814
6822
6822
6822
6830
6830
6843
6845
6859
6861
6869
6873
6879
6886
6892
6892
6907
6908
6914
6922
6928
6930
6935
6936
6941
6943
6955
6961
6961
6975
6976
6976
6979
6992
6998
7000
7003
7013
7025
7040
7044
7053
7065
7066
7070
7071
7081
7083
7083
7083
7083
7083
7083
7083
7083
7083
7083
7083
7083
7083
7083
7083
7083
7083
7083
7083
7083
7083
7083
7083
7083
7083
7083
7083
7083
7085
7090
7090
7103
7103
7106
7108
7109
7112
7126
7131
7133
7137
7142
7145
7158
7165
7165
7167
7172
7191
7191
7206
7206
7221
7224
7231
7239
7241
7249
7255
7266
7268
7270
7280
7281
7284
7286
7291
7303
7312
7314
7317
7321
7327
7328
7332
7333
7337
7338
7346
7350
7352
7358
7363
7372
7374
7382
7383
7388
7400
7405
7408
7413
7423
7428
7448
7456
7456
7456
7457
7457
7472
7490
7499
7507
7510
7521
7524
7536
7545
7552
7558
7558
7567
7574
7588
7592
7603
7606
7609
7614
7620
7623
7626
7629
7632
7634
7640
7658
7658
7660
7662
7687
7697
7701
7705
7707
7709
7725
7727
7735
7741
7742
7744
7765
7770
7788
7789
7806
7811
7812
7813
7816
7818
7828
7830
7838
7844
7844
7848
7848
7849
7852
7858
7862
7874
7878
7879
7882
7884
7894
7898
7899
7902
7910
7912
7914
7918
7923
7925
7928
7933
7933
7941
7943
7945
7946
7947
7949
7966
7975
7980
7989
7996
8004
8011
8018
8029
8037
8045
8050
8069
8069
8075
8079
8084
8093
8094
8100
8101
8111
8113
8116
8118
8121
8123
8129
8130
8134
8138
8141
8141
8147
8158
8158
8164
8170
8179
8181
8181
8182
8184
8185
8188
8193
8199
8209
8219
8233
8235
8253
8255
8257
8257
8262
8267
8274
8291
8295
8297
8302
8307
8318
8318
8322
8324
8325
8341
8343
8350
8355
8356
8374
8395
8397
8398
8403
8412
8423
8426
8437
8441
8443
8446
8451
8458
8470
8479
8487
8488
8489
8490
8493
8502
8506
8508
8516
8521
8532
8534
8537
8543
8544
8548
8550
8553
8554
8554
8556
8559
8583
8595
8596
8597
8598
8612
8640
8647
8648
8660
8666
8668
8670
8672
8674
8690
8695
8699
8700
8713
8721
8727
8738
8738
8740
8740
8746
8755
8759
8765
8765
8768
8774
8783
8784
8785
8789
8790
8806
8814
8829
8833
8842
8844
8857
8863
8870
8873
8883
8903
8912
8925
8939
8942
8952
8953
8956
8956
8960
8966
8969
8989
8996
9000
9004
9005
9012
9014
9020
9023
9059
9059
9060
9061
9062
9074
9085
9090
9097
9103
9110
9118
9123
9133
9140
9153
9165
9167
9168
9171
9174
9174
9179
9185
9189
9198
9199
9209
9216
9218
9235
9237
9245
9248
9251
9260
9266
9273
9275
9277
9281
9288
9288
9292
9308
9317
9320
9344
9355
9363
9364
9365
9372
9379
9393
9406
9411
9413
9416
9430
9431
9433
9455
9461
9472
9483
9483
9486
9489
9491
9499
9503
9512
9530
9533
9534
9539
9540
9547
9548
9549
9551
9555
9574
9575
9584
9586
9594
9601
9606
9608
9617
9618
9633
9640
9652
9665
9682
9684
9685
9689
9690
9696
9698
9698
9699
9707
9708
9715
9724
9725
9736
9745
9763
9771
9773
9780
9788
9803
9811
9821
9831
9840
9841
9854
9879
9886
9895
9907
9907
9915
9925
9940
9942
9948
9948
9954
9955
9960
9967
9967
9967
9968
9969
9981
9987
9996
9996
9999
10010
10017
10024
10028
10033
10042
10051
10054
10060
10076
10077
10087
10089
10091
10094
10095
10110
10112
10117
10131
10136
10136
10138
10142
10146
10158
10163
10173
10176
10181
10194
10195
10206
10208
10224
10227
10234
10234
10239
10256
10258
10269
10272
10275
10285
10286
10288
10297
10315
10318
10332
10337
10341
10341
10346
10351
10352
10379
10379
10390
10411
10444
10447
10450
10459
10460
10474
10479
10492
10493
10518
10519
10519
10520
10530
10534
10535
10544
10547
10551
10555
10557
10563
10576
10580
10588
10593
10594
10603
10609
10611
10617
10619
10628
10629
10656
10661
10671
10673
10673
10686
10688
10706
10708
10733
10746
10747
10754
10770
10781
10789
10790
10800
10808
10823
10829
10836
10852
10857
10872
10874
10879
10903
10904
10909
10936
10954
10963
10971
10977
10984
10985
11000
11008
11014
11019
11022
11029
11031
11036
11038
11048
11059
11061
11062
11069
11069
11073
11078
11093
11094
11099
11103
11112
11122
11129
11132
11141
11142
11152
11153
11154
11182
11206
11209
11218
11225
11227
11227
11232
11238
11247
11252
11255
11257
11259
11260
11262
11266
11271
11282
11320
11321
11323
11325
11330
11330
11338
11344
11354
11369
11369
11375
11376
11398
11416
11441
11446
11462
11502
11504
11508
11517
11521
11523
11526
11535
11541
11563
11586
11598
11603
11610
11612
11616
11637
11645
11651
11654
11655
11663
11683
11688
11692
11694
11694
11711
11713
11717
11727
11759
11765
11774
11774
11776
11780
11795
11806
11807
11818
11827
11839
11845
11853
11856
11858
11873
11874
11875
11887
11891
11892
11916
11932
11934
11946
11949
11952
11972
11975
11992
12000
12011
12014
12021
12030
12044
12045
12075
12077
12077
12082
12084
12090
12108
12111
12113
12114
12121
12122
12128
12137
12138
12146
12147
12149
12159
12180
12185
12189
12191
12200
12201
12226
12228
12234
12237
12239
12251
12258
12265
12271
12275
12277
12287
12288
12316
12326
12339
12357
12365
12368
12385
12390
12396
12400
12400
12404
12408
12440
12441
12466
12501
12502
12507
12508
12510
12510
12514
12517
12524
12529
12532
12537
12542
12548
12559
12560
12569
12574
12574
12588
12610
12614
12618
12620
12632
12648
12655
12662
12664
12667
12674
12678
12681
12689
12727
12731
12731
12735
12744
12747
12751
12759
12768
12785
12788
12789
12793
12805
12808
12825
12827
12831
12835
12846
12847
12854
12854
12856
12862
12869
12870
12874
12876
12879
12880
12891
12916
12917
12931
12938
12945
12947
12969
12977
12979
12989
12995
13000
13007
13025
13031
13035
13040
13043
13048
13063
13069
13071
13072
13072
13088
13089
13108
13114
13121
13125
13133
13134
13140
13174
13176
13181
13185
13192
13195
13203
13206
13209
13210
13210
13216
13249
13253
13259
13266
13267
13275
13296
13297
13302
13309
13313
13316
13317
13342
13370
13371
13388
13393
13400
13411
13419
13421
13423
13424
13427
13433
13435
13438
13439
13449
13460
13461
13487
13491
13491
13517
13530
13537
13546
13550
13560
13562
13599
13602
13608
13610
13618
13621
13622
13651
13654
13660
13660
13663
13663
13666
13668
13670
13674
13677
13684
13709
13716
13721
13726
13741
13754
13764
13790
13794
13808
13827
13831
13831
13832
13833
13909
13909
13912
13919
13934
13936
13944
13950
13968
13969
13972
13990
14008
14029
14037
14074
14086
14104
14118
14146
14163
14165
14169
14178
14183
14186
14196
14203
14213
14225
14231
14242
14275
14276
14282
14289
14291
14296
14298
14317
14321
14323
14334
14365
14368
14370
14376
14378
14383
14393
14412
14415
14423
14449
14453
14453
14489
14490
14509
14516
14517
14526
14534
14535
14554
14555
14558
14565
14576
14580
14586
14592
14615
14618
14634
14637
14639
14650
14667
14681
14690
14698
14702
14706
14711
14712
14720
14728
14730
14734
14744
14759
14763
14783
14801
14801
14805
14806
14819
14824
14850
14869
14878
14902
14904
14910
14911
14915
14923
14923
14929
14954
14955
14961
14961
14979
14983
15000
15002
15006
15006
15008
15020
15020
15025
15030
15034
15042
15058
15061
15063
15065
15067
15096
15100
15106
15122
15123
15130
15131
15158
15161
15167
15177
18887
15183
15186
15194
15205
15222
15227
15231
15234
15248
15253
15262
15268
15273
15273
15275
15275
15276
15281
15290
15306
15307
15309
15322
15337
15337
15339
15362
15370
15375
15382
15385
15389
15405
15415
15417
15422
15433
15433
15435
15438
15457
15465
15471
15471
55562
15483
15498
15514
15516
15524
15564
15568
15577
15583
15615
15621
15629
15630
15633
15644
15669
15674
15702
15703
15708
15720
15733
15753
15756
15779
15782
15788
15788
15794
15805
15806
15811
15816
15819
15829
15837
15857
15940
15948
15957
15975
15982
16001
16001
16025
16040
16052
16056
16073
16075
16110
16115
16123
16126
16136
16153
16154
16160
16167
16223
16257
16261
16273
16278
16282
16295
16305
16306
16317
16322
16324
16329
16342
16352
16376
16376
16388
16388
16401
16431
16448
16453
16455
16473
16475
16486
16523
16531
16573
16614
16626
16639
16651
16710
16745
16749
16763
16763
16768
16784
16791
16817
16833
16841
16844
16849
16855
16871
16873
16873
16876
16892
16922
16924
16927
16935
16945
16959
16967
16970
17026
17044
17046
17064
17064
17064
17064
17064
17064
17064
17064
17064
17064
17064
17064
17064
17064
17064
17064
17064
17064
17064
17064
17064
17064
17064
17064
17064
17064
17064
17064
17067
17083
17126
17126
17137
17142
17173
17179
17184
17190
17200
17219
17241
17244
17271
17284
17334
17348
17360
17370
17461
17469
17487
17489
17494
17498
17520
17528
17533
17559
17586
17593
17599
17660
17674
17709
17713
17716
17723
17767
17790
17791
17795
17861
17864
17875
17877
17904
17923
17940
17947
17964
17985
17994
18006
18024
18031
18033
18042
18044
18064
18133
18149
18157
18157
18172
18179
18180
18205
18234
18235
18247
18250
18250
18282
18307
18319
18329
18333
18350
18357
18364
18382
18386
121822
18400
18409
18421
18445
18452
18458
18478
18481
18518
18529
18536
18545
18561
18614
18630
18636
18656
18657
18657
18672
18675
18699
18733
119407
18756
18765
18778
18800
18822
18851
18854
18860
18887
18898
18924
18937
18942
18954
18956
18971
116991
18983
18988
19017
19061
19063
19077
19091
19095
19101
19112
19123
19128
19129
19136
19156
19160
19163
19208
19236
19237
19249
19266
19268
19277
19279
19280
19300
19328
19335
19356
119115
19392
19396
19406
19411
19456
19462
19510
19518
19530
19532
19545
19562
19633
19642
19660
19664
19681
19686
19688
19692
19696
19699
19708
19708
19727
19785
19805
19821
19826
121239
19936
20004
20036
20038
20042
20088
20158
20158
20214
20227
20230
20243
20322
20324
20357
20358
20359
20383
20393
20396
20413
20420
20429
20460
20478
20510
20515
20515
20535
20569
20594
20605
20614
20618
20626
20650
20653
20661
20662
20689
20689
20705
20714
20768
20769
20772
20787
20811
20815
20823
20832
20854
20860
20863
20872
20875
20886
20895
20918
20923
20926
20938
20953
20979
20979
20984
20992
20997
21007
21011
21012
21039
21042
21065
21099
21106
21119
21119
21129
21133
21148
21159
21169
21180
21196
123362
21226
21240
125486
21246
21266
21266
21278
21346
21354
21358
21361
21405
21456
21470
21484
21549
21551
21596
21646
21706
21721
127610
21737
21737
21737
21751
21757
21832
21858
21865
21934
21943
21956
21966
21982
21982
22015
22017
22027
22070
22080
127548
22166
22168
22171
22175
22247
22249
22258
22262
22263
22274
22284
22289
22312
22321
22328
22349
22349
22379
22390
22394
22413
22418
22436
22516
127486
22564
22591
127424
22628
22637
22655
22674
22679
22691
22776
22818
22832
22833
22882
22883
22898
22917
22974
127362
127300
23034
23069
23076
23104
23106
23110
23114
23143
23182
23183
23190
23236
23242
23254
126008
23342
23360
23375
23400
23409
23418
23418
23424
23431
23432
23480
23501
23530
23540
23550
23557
23589
23604
23606
23634
23674
23691
23712
23752
23789
23803
23835
23859
23866
23874
23884
23904
23932
23981
24018
24020
24022
24078
24088
24143
24160
24171
24185
24283
24283
24316
24330
24378
124717
24444
24467
24496
24500
24554
24555
24587
24605
24611
24658
24672
24684
24737
24738
24764
24771
24819
24838
24862
24878
24897
24906
24941
24954
24975
24981
24989
25047
25053
25095
25164
25185
25199
25203
25225
25242
25271
25280
25305
25339
25354
25373
25397
25415
25511
25518
25522
25532
25542
25558
25579
25606
25630
25633
25641
25645
83421
25646
25662
25731
25734
25734
25734
25794
25798
25835
25866
25904
25912
25953
25959
25962
25988
25994
26002
26003
26047
26053
26081
26085
26176
26187
26204
26222
26232
26278
26278
26304
26308
26320
26323
26323
26342
26395
26396
26396
26400
26400
26408
26435
26441
26500
26554
26554
26635
26654
26690
26705
26713
26723
26732
26754
26772
26782
26792
26795
26824
26859
26862
26866
26955
26956
26979
26991
27000
27006
27032
27057
27066
27105
27112
27117
27181
27188
27208
27231
27266
27266
123426
27289
27308
27312
27316
27319
27333
27403
27439
27446
122134
27455
27467
27526
27567
27604
27609
27685
27727
27765
27768
27802
27824
27841
27870
27920
27925
27943
27964
27981
28086
28143
28155
28195
28224
28226
28264
28269
28275
28284
28302
28313
28352
28361
28414
28461
28479
28484
28499
28532
28563
28578
28699
86549
28711
28725
28729
28729
28754
28760
28799
28807
28844
28908
28954
28954
28975
28983
28991
29012
29034
29051
29097
29104
29106
29167
29174
29181
120843
29290
29300
29326
29363
29386
29394
29396
29406
29412
29427
29477
29569
29585
29641
29708
29733
29748
29758
29763
29781
29804
29806
29822
29828
29834
29884
29899
29936
29962
29975
30016
30063
30072
30073
30079
30087
30103
30134
30138
30167
30176
30194
30201
30213
30269
30289
30299
30311
30349
30381
30407
30427
30429
30433
30446
30464
30470
30520
30547
30552
30554
30574
30596
30597
30623
30647
30647
30681
30684
30685
30689
30702
30713
30721
30762
30763
30766
30797
30865
30885
30902
30910
30916
30978
31036
31041
31108
31111
31130
31191
31224
31251
31254
31283
31291
31309
31351
31358
31376
31385
31397
31408
31473
31483
31491
31523
31534
31553
31564
31579
31584
31620
31675
31690
31707
31708
31747
31761
31781
31785
31790
31839
31868
31881
31902
31947
31973
31983
31988
121719
32005
32032
32057
32060
32071
32091
32167
32169
32173
32258
32271
32281
32295
32299
32301
32320
32342
32370
32373
32399
32432
32440
32462
32488
32517
32569
32570
32623
32625
32656
32712
32716
32716
32724
32815
32840
32842
122596
32880
32891
32906
32906
32913
32933
32950
32957
32965
32969
33016
33049
33121
33132
33147
33205
33283
33285
33287
33314
33315
33320
33367
33391
33491
33667
33686
33706
33729
33739
33753
33759
89081
33861
33874
33914
33916
33943
33972
34002
123472
34030
34059
34066
34070
34083
34142
34148
34174
34209
34232
34237
34242
34252
34260
34290
34350
34377
34401
34413
34430
34496
34546
34553
34578
34584
34588
34602
124348
125224
123884
122543
121202
119861
118520
34640
34667
34669
34689
34716
34781
34799
34819
34836
34837
34891
34905
34906
34975
35011
35029
35033
35034
35052
35058
35059
35073
35081
35087
35111
35218
35266
118520
35337
35384
35386
35417
35470
35498
35501
35513
35513
35532
35584
35593
35624
35671
35707
35716
35729
35769
35833
35835
35899
35933
35947
35966
35979
35980
35994
36079
36089
36093
36093
36116
36119
36179
36240
36245
36297
36336
36346
36447
36460
36475
36477
36497
36561
36561
36589
36620
36750
36800
36823
36846
36891
36922
36925
36947
36974
36994
118520
37009
37014
37065
37069
37079
37093
37114
37142
37307
37311
37449
37462
37468
37479
37553
37580
37696
37736
37851
37861
37911
37937
38055
38059
38067
38069
38108
38144
38162
38186
38198
38208
38236
38252
38281
38292
38302
38307
38313
38366
38405
38437
38570
38658
38693
38703
38715
38753
38854
38879
38894
38902
38923
38938
38941
39019
39030
39078
39091
39135
39189
39203
39220
39231
39258
39274
39311
39368
39403
39406
39448
39471
39493
39499
39550
39579
39698
39720
39769
39931
39953
40017
40040
40058
40079
40143
40224
40236
40243
40255
40280
40293
40334
40338
40374
40398
40447
40480
40485
40498
40580
40608
40648
40671
40671
40693
40804
40807
40831
40870
40886
40896
40896
40939
40984
40985
41008
41159
41199
41200
41274
41295
41301
41302
41306
41320
41324
41382
41397
41451
41609
41640
41674
41716
41827
41960
42035
42087
42319
42346
42381
42392
42415
42442
42498
42554
42554
42567
42638
42641
42675
42689
42727
42731
42740
42754
42794
42810
42821
42822
42841
42858
42878
42886
42909
42920
42922
42951
42989
42999
43070
43075
43101
43112
43116
43161
43173
43264
43269
43374
43414
43428
43466
43479
43492
43516
43516
43519
43541
43558
43622
43658
43696
43715
43719
43814
43862
43966
44002
44024
44134
44148
44181
44183
44186
44244
44293
44312
44344
44355
44366
44385
44387
44394
44430
44523
44534
44698
44730
44749
44798
44812
44841
44863
44874
44875
44886
44916
44940
44946
44989
45090
45117
45126
45164
45178
45189
45264
45267
45337
45348
45394
45451
45521
45529
45531
45546
45585
45586
45597
45635
45738
45756
45768
45775
45778
45882
45925
45947
46015
46055
46067
46073
46129
46130
46149
46179
46262
46263
46264
46276
46326
46412
46469
46502
46572
46581
46614
46662
46719
46781
46783
46791
46791
46791
46791
46791
46791
46791
46791
46791
46791
46791
46791
46791
46791
46791
46791
46791
46791
46791
46791
46836
46852
46931
46935
47011
47020
47049
47106
47136
47200
47211
47220
47228
47280
47293
47320
47384
47413
47454
47542
47580
47627
47641
47703
47755
47769
47772
47858
47879
47884
47901
47903
47973
47989
48001
48011
48083
48145
48166
48191
48220
48278
48353
48412
48437
48459
48594
48604
48639
48640
48648
48678
48693
48694
48705
48714
48714
48746
48751
48766
48824
48827
48854
48865
48875
48902
48906
89082
49007
49017
49072
49109
49136
49171
49195
49203
49221
49255
49255
49255
49261
49261
49278
49317
49380
49405
49430
49431
49446
49468
49501
49539
49570
49626
49636
49702
49718
49742
49757
49766
49769
49770
49780
49880
49896
49936
49965
49969
50064
50082
50109
50138
50147
50151
50203
50206
50254
50288
50368
50381
50397
50406
50443
50458
50481
50525
50635
50700
50711
50821
50894
50906
50957
50965
51007
51034
51054
51062
51084
51137
51141
51186
51191
51233
51329
51377
51381
51403
51436
51470
51540
51563
51610
51641
51643
51678
51766
51842
51930
51952
51958
51959
52078
52197
52202
52202
52240
52256
52308
52355
52387
52420
52430
52435
52465
52468
52480
52480
52537
52537
52555
52560
52589
52621
52702
52705
52722
52774
52820
52838
52998
53134
53157
53191
53323
53351
53374
53424
53481
53562
53589
53639
53660
53667
53814
53869
54096
54181
54186
54279
54305
54318
54333
54348
54372
54395
54404
54432
54491
54500
54525
54599
54603
54700
54707
54786
54848
54896
54897
54907
54959
54976
55004
55006
55009
55045
55049
55060
55072
55126
55194
55304
55315
55382
55410
55434
55549
55554
55556
55770
55787
55833
55926
55937
56024
56040
56084
56103
56112
56149
56177
56301
56361
56375
56439
56480
56512
56529
56567
56571
56662
56828
56828
56828
56828
56828
56842
56850
56885
56925
56934
57010
57067
57074
57427
57457
57462
57479
57482
57583
57599
57613
57760
57768
57828
57873
57891
58009
58013
58285
58306
58341
58341
58341
58451
58474
58591
58711
58751
58884
58928
58932
58980
59002
59003
59030
59033
59099
59134
59365
59419
59419
59419
59419
59486
59496
59648
59802
59804
59867
60057
60086
60087
60337
60373
60389
60451
60460
60462
60542
60576
60585
60665
60668
60721
60797
60836
60900
60903
60904
61043
61192
61231
61252
61300
61318
61383
61443
61448
61464
61484
61532
61553
61631
61711
61755
61779
61912
61975
62055
62081
62308
62370
62415
62425
62439
62489
62497
62501
62539
62644
62852
62912
63018
63068
63073
63088
63093
63099
63129
63146
63210
63225
63262
63289
63340
63411
63459
63526
63617
63619
63685
63747
63764
63842
63871
63878
63965
64024
64158
64165
64240
64301
64305
64344
64422
64452
64455
64481
64534
64625
64676
64713
64755
64766
64807
64808
64958
64983
65012
65062
65080
65167
65177
65257
65354
65414
65417
65466
65484
65484
65519
65524
65588
65594
65619
65625
65633
65634
65638
65665
65702
65881
65886
65986
66001
66006
66057
66066
66196
66321
66328
66343
66372
66421
66486
66532
66595
66635
66656
66673
66723
66828
66828
66834
66884
66996
67017
67152
67205
67228
67401
67450
67466
67524
67643
67651
67703
67720
67741
67743
67834
67841
67866
67885
67917
67928
67936
67949
67973
67974
67991
68028
68054
68074
68075
68189
68226
68286
68389
68408
68452
68518
68610
68732
68750
68785
68873
68884
68887
68931
68948
68953
68957
68964
69047
69049
69063
69069
69158
69232
69261
69266
69266
69361
69362
69388
69408
69471
69585
69599
69747
69757
69980
70084
70259
70306
70308
70466
70570
70586
70722
70724
70800
70820
70960
71038
71070
71147
71184
71187
71207
71231
71269
71368
71373
71380
71502
71548
71706
71785
71922
71927
71960
72029
72084
72094
72121
72192
72215
72281
72398
72636
72637
72686
72739
72902
73036
73045
73104
73124
73229
73260
73286
73312
73406
73429
73580
73582
73591
73594
73683
73707
73721
73832
73832
73851
73892
73948
73956
73976
74045
74076
74188
74269
74308
74341
74373
74481
74530
74552
74627
74869
74870
74884
75062
75101
75162
75173
75340
75390
75421
75455
75528
75540
75599
75717
75789
75847
76235
76246
76370
76383
76409
76630
76743
76770
76822
76944
76984
76988
77026
77071
77181
77336
77388
77393
77519
77538
77579
77688
77757
77899
78015
78028
78079
78118
78149
78250
78283
78438
78469
78475
78528
78541
78707
78738
78749
78800
78820
78922
78982
79065
79118
79120
79138
79327
79503
79517
79521
79571
79577
79639
79652
79663
79666
79695
79869
79892
79939
80109
80125
80128
80185
80204
80232
80239
80355
80375
80456
80459
80644
80706
80881
80933
80978
81035
81100
81136
81266
81313
81421
81431
81442
81490
81688
81746
81880
81915
82094
82161
82220
82326
82341
82879
83105
83131
83204
83240
83246
83268
83397
83430
83506
83553
83567
83577
83606
83726
83766
83809
83831
83849
84230
84379
84412
84575
84645
84659
84711
84824
84875
84957
85048
85048
85048
85092
85281
85329
85394
85424
85555
85600
85694
85795
85948
85951
85971
86067
86072
86139
86166
86167
86249
86348
86348
86356
86529
86576
86700
86708
86784
86815
86847
86866
86901
86919
86974
87041
87238
87328
87773
87839
87874
87885
87919
87927
87944
87982
87995
88193
88347
88358
88383
88409
88443
88474
88486
88500
88501
88556
88598
88606
88632
88667
88701
88706
88730
88850
88922
88936
88952
89022
89061
89106
89215
89264
89284
89291
89332
89332
89332
89332
89332
89332
89332
89332
89332
89332
89332
89332
89332
89332
89332
89332
89332
89332
89332
89332
89341
89426
89444
89454
89465
89469
89500
89864
89887
89894
90225
90273
90310
90512
90577
90643
90698
90781
90789
90850
90934
90955
90958
91015
91132
91210
91211
91231
91312
91372
91414
91496
91513
91732
91962
92002
92023
92097
92327
92356
92464
92466
92513
92678
92739
92776
92784
92853
92872
92950
92951
93155
93242
93257
93323
93392
93631
93654
93677
93963
93979
94013
94016
94031
94064
94130
94174
94182
94197
94225
94255
94266
94341
94369
94440
94444
94496
94522
94614
94616
94731
94818
94944
94952
95019
95053
95268
95420
95421
95487
95898
95983
96209
96210
96408
96413
96521
96713
96830
96864
96936
96949
96966
97043
97148
97178
97190
97402
97647
97811
97980
98024
98033
98300
98460
98726
98787
98802
98868
98971
99071
99155
99223
99321
99327
99426
99433
99456
99545
99704
99705
99740
99894
99897
99900
99969
100161
100162
100489
100525
100667
100747
100907
101241
101430
101437
101491
101597
101727
101787
101904
101935
102010
102015
102108
102207
102247
102248
102382
102394
102398
102644
102663
102708
102761
102792
102822
103147
103179
103266
103456
103458
103478
103686
103730
103825
103848
103881
104229
104538
104714
105054
105318
105375
105482
105499
105544
105671
105704
105706
105801
106045
106158
106262
106265
106341
106497
106595
106661
106709
106754
106787
106834
106923
106962
107095
107407
107442
107502
107506
107649
107742
107870
107881
107955
108066
108067
108087
108323
108388
108607
108643
108730
108825
108940
108989
109027
109053
109054
109065
109102
109390
109454
109637
109663
109808
109868
110029
110192
110306
110524
110601
110606
110939
111024
111159
111201
111366
111424
111610
111937
112148
112248
112324
112433
112599
112612
112711
112712
112806
112866
112895
112977
113045
113072
113325
113411
113492
113555
113744
113809
113972
114180
114198
114486
114504
114516
114580
114987
115049
115131
115170
115170
115212
115239
115363
115389
115638
115721
115801
115960
116021
116036
116069
116285
116286
116376
116397
116421
116429
116509
116579
116681
192984
117096
117239
117419
117452
117570
117598
117671
117675
117706
117729
117737
117895
117969
118063
118167
118210
118284
118348
118488
118490
1697556
190344
1730064
118596
118647
118659
119017
119017
187704
119178
119199
119346
119374
119399
1519392
119530
119653
119680
119822
119854
119857
186648
120095
120305
120354
120388
120416
120470
120475
120489
120508
120716
1654716
120863
120886
120981
121084
121107
183744
1611204
121252
121383
121419
121453
121548
121556
121577
121597
121613
121687
121717
181104
121775
1640268
121850
121995
189288
122155
122205
122263
122391
122448
122490
1773324
122596
198000
122598
122802
122855
123035
123133
123217
123236
123304
123344
1843212
205920
123460
2190636
123608
123719
123865
213576
124240
124283
124290
2420208
124377
124400
124431
124454
124578
124596
222288
124786
124812
124867
124873
124885
125008
125029
125032
125128
2344776
125303
125307
125334
125401
125445
222288
125611
125641
125649
125728
125743
125752
125773
125795
125872
125874
125926
125926
125983
2610804
126113
126139
126281
126376
126403
126436
126672
126713
126730
126749
126940
127035
127105
127192
127206
127223
127298
232584
2902536
127419
242880
127477
3005016
127504
127520
243936
3016356
127622
127641
127960
127969
128046
128158
128208
128231
128237
128283
128296
128340
128464
128819
128828
128946
129103
129230
129253
129258
129280
129332
129334
129339
129421
129807
129922
130295
130313
130339
130341
130576
130818
130828
130878
130982
131012
131070
131083
131096
131103
131284
131357
131457
131528
131658
131713
131763
131778
132187
132199
132263
132281
132440
132469
132528
132691
132813
132881
133064
133267
133555
133565
133611
133763
133780
133892
133968
134027
134095
134250
134384
134405
134484
134492
134824
134912
134954
134998
135087
135120
135205
135496
135793
135834
136340
136472
136493
136748
137139
137370
137450
137570
137670
137770
137814
137896
137907
138005
138334
138447
138457
138467
138601
138614
138641
138734
138751
138893
138916
138981
139001
139075
139110
139318
139374
139398
139719
139858
139953
139964
139991
139996
140714
140819
140938
140941
140946
141067
141118
141357
141607
141836
141959
141982
142264
142285
142406
142425
142856
142924
143036
143064
143246
143307
143337
143445
143651
143669
143804
143944
144142
144465
144475
144633
144870
144975
145008
145084
145454
145843
146026
146047
146128
146186
146483
146525
146613
146703
146799
146875
146950
147003
147032
147180
147183
147252
147258
147324
147397
147451
147459
147643
147646
147755
147993
148040
148096
148153
148169
148255
148302
148515
148698
148777
148980
149255
149296
149343
149387
149520
149546
149603
149618
149635
149740
149907
149912
150185
150212
150395
150433
150474
150512
150663
150919
151005
151121
151169
151254
151300
151317
151320
151339
151449
151473
151546
151643
151920
151967
152184
152360
152360
152509
152589
152648
152815
152991
153067
153231
153246
153260
153352
153448
153545
153637
153680
153881
153898
153983
154159
154237
154251
154302
154497
154561
154798
154893
154904
155003
155227
155452
155685
155807
155975
156034
156041
156112
156184
156204
156262
156461
156564
156594
156621
156889
157021
157024
157037
157213
157217
157423
157468
157620
157762
157783
158058
158060
158103
158442
158609
159026
159089
159243
159349
159530
159721
159945
160513
161202
161386
161421
161519
161972
162188
162543
162597
162611
162717
162717
162843
162886
162980
163098
163464
163470
163621
163645
164002
164022
164086
164148
164173
164420
164510
164515
164827
165849
166084
166282
166317
166382
166390
166866
167365
167395
167419
167543
167571
167631
167758
167861
167992
168052
168431
168480
168757
168928
168944
169296
169323
169427
169631
169793
169984
170009
170011
170221
170387
170406
170536
170566
170600
170855
170957
171123
171338
171522
171552
171933
172272
172703
172719
172757
172793
172813
172944
173407
173430
173447
173471
173762
173840
174232
174291
174443
174517
175063
175228
175309
175611
175704
175891
176284
176482
176664
177099
177212
177253
177308
177329
177454
178013
178103
178213
178461
178631
178722
178744
178773
178791
178858
179093
179165
179167
179444
179447
179521
179525
179713
179856
180158
180334
180606
180621
180665
180743
180758
250008
181155
181296
181566
181617
181646
181681
181860
182036
182094
182159
182322
182386
182668
182852
182915
183075
183109
183289
183424
183519
3518256
183759
183991
184142
184206
184416
184436
184734
185013
185487
185499
185848
186159
186250
186318
186429
186504
186568
259248
187117
187157
187371
3488268
187810
188112
188245
188338
188577
188649
188928
189024
189063
260832
189382
189700
189742
190066
3664332
190708
190818
190902
191054
191264
191488
192000
192378
268752
193221
193399
193571
193767
193786
193936
194087
194720
194766
194960
195314
195435
195460
195862
196072
196182
196958
197068
197438
197496
197527
197544
197914
3770256
198236
198512
198596
199225
199347
199371
199379
199652
199774
199899
201196
201531
201621
201722
201814
202344
202732
202883
203022
203428
203541
203541
203541
203541
203541
203541
203541
203541
203541
203541
203541
203541
203541
203541
203541
203541
203541
203541
203541
203541
203940
204141
204398
204703
205364
205775
272712
206370
206936
207264
207579
208302
208801
208818
208942
209036
209182
209280
209688
209795
209873
210012
210030
210033
210054
210169
210181
210494
210987
211073
211202
211616
211742
211790
211878
211949
212947
213272
213380
3744888
213608
213790
214321
214879
214964
214979
215040
215058
215140
215593
216389
216644
216794
217010
217089
217235
217401
217506
217533
217689
217932
218203
218457
218813
219801
219820
219996
220287
220571
220949
221186
221269
221411
221468
221546
221596
221998
222277
280368
4373124
222561
222574
223366
223369
223441
223897
223938
224082
224175
224249
225363
225903
226173
226938
227066
227464
227519
227975
227977
228110
228204
228257
228712
228884
229608
229836
230143
230460
230949
231133
231479
232093
232141
232296
232314
291456
232916
232945
232976
233104
233644
233927
234082
234202
234264
234304
234472
234548
234918
234961
235100
235282
235621
235781
236152
236492
236580
236961
237198
237573
237703
237813
238396
239028
239829
239896
240387
240529
240630
240700
240851
240926
240955
241055
241071
241071
241071
241071
241334
241387
241407
241723
242257
242476
242747
242773
242852
4620336
295152
243984
244167
244287
244395
244689
244955
245044
245614
245618
246513
246604
246869
246941
246941
247597
248102
248365
248848
249618
249625
249667
249815
249932
4770612
250291
250888
251444
251546
252192
252962
253416
253743
254106
254491
254514
255354
255382
255478
255641
256187
256317
256715
257738
258198
258326
258509
258650
259157
301752
259255
259447
259574
259768
259830
260499
4561620
261098
261212
261554
261854
262001
262043
262047
262240
262939
263086
263139
263529
263811
263986
264158
264276
264655
264677
264933
265199
265311
265984
266397
266456
266749
267084
267506
267863
267973
268222
268692
321816
268878
269223
269581
269614
270289
270886
270976
271046
271094
271467
271606
271886
272253
4767504
272964
273031
273165
273657
274081
274084
274544
274713
274834
274913
274989
275135
275217
275914
276176
276285
276389
276411
276435
276497
276899
277123
277736
277740
277890
278178
278426
278674
278695
278719
278745
278997
279262
279663
279681
279944
322872
280492
281008
281078
281785
281788
281875
281962
282336
282396
282538
282940
283159
283253
283335
283604
283740
284150
284433
284723
284923
285277
285402
285475
285940
286465
286645
286679
286700
286798
287090
288029
288259
288670
288930
288973
289312
289408
289705
290099
290224
290633
291171
291374
5441856
291626
292499
292654
292934
293154
293745
294400
294500
294608
294741
295049
295065
295148
335808
295962
296274
296479
296673
297029
297404
297497
298529
298853
299095
299403
299433
299691
299787
300099
300312
300427
300546
300799
301083
301310
301542
5817168
302013
302148
302469
302623
302927
303369
303481
304141
304555
305065
307499
307606
308191
308246
308754
309067
309549
309577
310015
310271
310447
310600
310737
310816
311647
311733
311775
311776
312141
312200
312754
313174
313453
313744
314176
314714
314904
315069
315473
315897
316256
316359
316769
317184
317216
317997
318024
318193
318599
318671
318852
319162
319991
320271
320651
320827
321569
342144
321844
321884
322480
322586
322644
5540388
322876
323068
323989
324020
324133
324610
324895
325104
325280
325410
325723
325926
325937
326041
326121
326121
326574
326922
327518
327549
327552
327853
328045
328123
328345
330264
330314
330376
330376
330450
330601
331204
331500
331546
331782
332313
332560
332972
333275
333362
333362
333365
333903
334480
335283
335499
353760
335817
335981
336195
336359
337169
337189
337554
339056
339932
340010
340079
340176
340730
341329
341708
341942
6177780
342574
342817
342871
343429
343552
343582
344124
344260
344777
345294
345316
345616
345718
346299
346362
346477
346526
346989
347133
347267
347593
348491
349147
349248
349495
349707
350449
350889
350949
351360
351379
351397
351424
351462
352257
353532
355608
354220
354588
354937
354960
5781804
355747
355974
356508
356836
356925
357603
357628
358307
359114
359357
359711
360122
360303
360342
360566
360638
360805
361057
361160
361427
362058
362428
362640
363364
363371
363595
364116
364242
364975
365124
365159
365746
366730
366794
366814
366906
367212
367497
367501
367979
367979
368661
368682
369047
369047
369383
369519
369625
370090
371211
371323
371430
371580
371792
371917
372120
372291
372808
372860
373063
373279
373314
373437
374119
374373
374496
375646
375767
375826
375954
376156
376231
376473
376818
377656
377982
378874
379938
380253
380267
380671
381805
382053
382903
383796
384107
384243
384365
384656
384797
384850
384858
385195
385342
387260
387486
387880
388007
388608
388819
388864
389003
390065
390171
390211
390572
390846
391190
392006
392204
392475
393305
393378
393908
394191
394745
394833
395420
395553
396191
396291
396417
396505
396596
396623
396693
396720
397016
397209
397552
398136
398301
398405
399349
399420
399528
399572
399719
400032
400032
400032
400032
400032
400032
400032
400032
400032
400032
400032
400032
400316
400316
400381
400994
401042
401506
401531
401685
402212
402336
402639
402845
402997
403698
404099
404681
405244
405325
405509
405634
405706
405832
406224
406295
406301
406411
406639
406759
407128
407221
407284
407408
407912
407996
408230
408849
409056
409742
410005
410027
410200
410216
410260
410260
410260
410260
410316
410316
410316
410454
410489
410728
410728
410728
410728
410728
410942
411077
411515
412120
412357
412360
413116
413193
413638
414005
414086
414142
414456
414747
414852
414904
414946
415651
415835
415862
416005
416245
416539
416543
416745
416802
416936
417310
417387
417412
418751
419329
420414
420580
420728
420728
420728
420728
421721
422906
423045
423180
423230
423896
424277
424880
424894
425132
425260
425302
425670
426441
427354
427720
427753
428239
428767
429031
429053
429071
429151
429263
430016
430314
430511
430570
431753
431861
431970
432308
433386
434084
434887
435461
435611
435617
436759
436910
438239
438786
438992
439764
440261
440410
441186
441506
441607
441775
441965
442722
442977
442985
443307
443668
443712
443928
444295
444370
444567
444843
444903
444912
444950
444973
445379
445384
445395
445877
445969
446232
446936
447041
447424
447642
448201
448302
448848
448972
449793
450210
450890
451930
452621
453202
453876
454229
454532
454759
455087
455889
455972
456033
456226
456560
456973
457288
457640
457684
457976
458676
458991
459120
459125
459537
459906
460818
466867
467353
468152
468611
469252
469905
469957
470643
471059
471548
471555
472190
472278
472487
472856
473786
475730
476232
476423
476822
479188
479307
479483
480216
480854
481696
482154
482764
482840
484130
484202
484980
485389
486115
486932
487662
488029
488513
488564
488604
489024
489271
490393
490702
491170
491170
491170
491525
491732
492747
492797
492934
493227
494281
494841
494850
495233
496394
496482
497722
498364
498525
498951
499260
499923
501792
502108
503920
505577
506086
508187
508653
509172
509266
509273
510455
511434
511619
512460
512539
512824
513551
514280
514722
515555
516618
516996
517866
518812
519458
519699
520539
521167
521347
522477
524107
524359
524979
524979
525338
525520
526156
526405
527269
528124
528919
529509
530466
531301
533127
533253
533680
533721
534487
534965
535159
536477
537599
537683
537851
538372
538567
538661
538765
538821
539198
539638
540471
540780
541155
542023
542826
544030
544697
545305
545874
546194
546778
549651
550680
551123
551582
552275
552569
553707
553849
553919
554559
554698
557059
558418
559071
560697
560803
561253
561365
562473
563993
564338
565733
566829
567731
572249
573994
575127
575261
575686
576778
578328
579126
580152
581007
581326
581460
582173
583328
584446
585029
585318
586474
586495
587115
587305
588559
588882
589248
589939
590216
590222
590347
594615
594907
598060
598235
598665
599579
599963
600088
600805
601668
602619
603300
604828
804907
607088
608291
609170
610879
611482
613546
614339
618075
619193
621874
622200
622223
623708
625935
626769
629071
629083
629839
629844
631007
631084
632241
633570
634827
635790
636194
636822
641971
643099
647428
647756
649239
649288
649914
650818
651103
653061
655166
656431
658146
658779
659512
661089
662900
666329
666714
666775
668113
668509
670118
670202
670652
672614
674205
675076
676019
678940
678988
680051
681377
681514
683325
684160
684688
685431
685937
685962
686687
687001
687212
688882
689807
690961
694067
695531
695731
695996
696624
697505
697767
700020
700370
700599
700684
702958
705835
707073
707301
707334
708310
708559
708904
713074
713665
713766
716196
716235
719786
721704
721780
722322
723068
723672
723816
724888
728449
728856
729463
730404
732452
733452
733457
734131
734515
736191
736490
736740
737595
737769
739258
740260
742110
743798
743839
744570
745330
747704
748334
752867
754333
754535
755739
755803
756754
756967
758340
759788
761044
762678
762798
763068
763527
764279
765256
765295
765358
765942
766211
766252
766874
769037
769960
772128
773472
774534
778285
779056
780111
780180
781001
781533
782028
785112
785544
786265
786482
787079
788562
789450
789531
792298
792845
793721
793927
794761
796039
799184
802173
803854
803867
804161
804304
804474
804907
805473
805549
806359
806771
806988
808809
808809
810172
810238
810480
812802
813531
815503
816057
816986
819180
820541
820603
821324
821434
824445
825820
827010
827020
829073
833169
833451
833596
833604
833644
836541
836695
843292
843645
845251
845436
847877
848383
849782
852882
853378
853944
854240
855265
856352
856963
857037
857089
858177
858879
859800
859889
862109
863154
863480
865418
865649
866729
866817
866918
868485
869265
869591
869697
870702
875446
875843
877518
881896
882507
886404
886608
887148
889583
890301
890488
891155
891391
891583
892025
892895
892995
894371
895245
895678
898307
898417
898962
903005
903506
906969
907927
909306
909355
909605
909950
911447
912429
913466
914101
914370
914564
916965
918503
918580
918594
918879
919318
920162
920354
921171
921794
922982
922984
924790
925099
927459
927628
928080
928661
930739
934945
935716
936105
937929
938809
939343
940408
941630
942444
944064
944990
945163
946284
946595
946702
948831
949803
949899
950275
950293
950308
952540
953893
953920
956582
957021
958059
962807
962854
963217
963292
965698
967105
967606
968403
968492
969221
969248
969995
972797
975148
976332
976923
978137
978229
978667
978789
979077
979345
979503
981648
982914
983176
984838
989511
989649
990132
991208
991476
991899
992681
993481
993642
995756
997818
999656
999871
1000365
1001152
1001457
1002004
1002052
1003447
1003492
1003778
1004080
1005849
1007672
1009353
1009951
1010685
1011358
1011866
1011905
1011975
1012671
1012939
1012958
1013156
1013559
1014188
1015446
1017354
1023062
1023361
1023602
1024110
1024662
1025060
1025068
1025687
1025711
1027974
1028773
1029945
1031686
1031922
1033245
1034565
1036398
1038330
1039070
1039965
1040901
1042367
1044108
1044129
1045351
1045724
1047228
1047820
1051907
1056020
1056222
1058075
1060253
1065514
1066014
1066193
1067200
1069327
1070293
1071614
1071852
1073369
1074666
1076474
1078507
1079598
1082621
1086037
1090175
1091350
1092067
1092849
1092998
1098213
1098541
1098949
1099057
1106584
1107782
1109238
1110482
1110692
1112391
1114165
1116819
1118003
1118473
1118515
1120504
1121095
1121263
1121999
1124168
1125800
1126149
1127160
1127963
1129396
1131106
1132977
1135036
1136994
1139193
1140512
1145260
1147682
1149568
1150584
1151744
1152400
1153004
1153043
1153609
1158762
1159516
1164438
1165223
1166554
1167934
1168246
1168263
1168579
1170641
1170908
1171620
1173137
1177159
1178915
1179022
1180518
1181061
1182317
1183255
1185254
1186857
1187606
1187860
1188434
1190650
1191576
1192549
1195149
1196165
1196247
1198295
1198843
1199919
1200140
1201023
1203244
1204530
1205035
1211826
1219937
1222543
1222831
1226728
1228025
1228196
1236412
1241455
1241508
1242724
1243015
1245720
1249089
1254272
1255691
1256593
1256743
1257536
1259594
1260472
1264847
1266074
1268608
1269749
1270202
1271572
1272200
1275537
1275722
1280925
1283459
1285504
1289961
1298480
1300677
1301988
1304514
1307329
1307388
1308361
1309549
1309975
1312594
1316293
1317611
1319858
1322054
1326352
1326784
1330136
1330566
1333023
1333431
1334786
1335516
1338459
1339048
1341809
1342385
1346684
1351956
1353110
1357647
1357952
1359126
1361135
1363382
1365556
1365581
1542991
1374557
1374944
1375066
1376202
1379177
1379329
1379652
1387590
1390314
1391649
1392223
1392223
1396324
1428612
1401085
1402272
1403273
1404559
1410538
1412737
1413977
1417511
1419364
1420883
1421478
1423378
1423495
1424814
1425301
1430732
1430845
1431936
1432270
1434683
1436915
1436925
1438660
1443676
1444796
1445770
1446000
1447799
1448236
1449303
1517126
1450207
1450207
1450207
1450207
1450207
1450207
1450207
1450207
1450207
1450207
1450207
1450207
1450207
1450207
1450207
1450207
1450207
1450207
1450207
1450207
1450207
1450207
1450207
1450207
1450207
1450207
1450207
1450207
1450207
1450207
1517874
1455340
1463524
1464016
1464833
1466748
1468875
1474285
1596095
1478049
1481268
1481892
1485011
1466686
1486896
1486901
1488525
1489444
1491729
1493594
1560709
1593947
1675025
1496358
1498273
1677540
1722026
1505419
1506491
2026913
1922015
1845031
1512904
1970169
1857777
1760162
1516608
1573931
1517035
1334479
1165802
1292696
1201373
1527123
1530921
1532193
1532547
1534625
1536316
1537173
1539564
1276618
1540143
1543356
1545613
1552172
1552524
1557105
1561016
1564938
1565174
1571891
1571891
1575435
1576775
1579773
1583507
1584035
1586528
1313095
1592208
1594018
1598696
1598713
1599302
1602421
1604311
1604334
1606992
1609621
1611127
1507610
1619269
1620167
1622429
1576775
1636500
1562658
1630389
1631131
1505978
1632642
1635636
1505978
1638989
1626240
1642712
1643175
1649735
1520640
1636800
1656821
1660046
1661033
1663282
1664389
1665747
1665810
1670095
1680907
1681891
1685943
1686379
1689505
1689822
1690973
1624128
1698259
1700343
1703106
1704384
1710350
1714514
1715017
1715886
1717693
1721139
1724603
1725498
1726517
1728763
1785696
1730791
1731083
1734252
1735970
1736971
1737097
1737754
1741023
1743771
1745169
1745304
1746477
1750050
1750317
1757466
1761874
1763004
1767509
1770018
1650528
1776922
1778026
1778329
1779828
1781796
1785019
1785482
1400256
1786286
1786438
1786703
1788158
1789943
1791119
1791582
1799049
1799988
1801505
1804176
1804921
1808284
1809046
1809934
1811531
1815939
1816086
1818813
1822140
1825399
1825578
1825970
1826305
1828867
1829919
1833655
1837534
1839655
1841341
1841914
1449888
1844675
1848153
1850276
1850675
1851310
1852732
1852739
1854805
1859706
1860738
1863451
1863572
1874750
1877897
1878595
1879639
1887388
1887610
1888628
1889248
1889391
1890584
1893738
1898437
1909109
1913522
1916613
1924243
1927598
1928086
1928622
1929081
1934194
1935698
1938207
1939674
1939865
1944722
1950910
1951726
1955009
1960826
1970936
1971519
1972376
1984477
1984718
1985548
1992954
1993158
1995101
2000186
2005610
2009029
2011848
2016505
2032386
2032724
2037818
2043847
2047860
2051864
2052943
2055112
2063312
2066162
2073772
2075347
2077245
2077864
2079163
2085448
2092384
2093019
2098870
2101967
2107973
2111278
2125153
2125153
2139812
2143821
2150609
2152204
2164473
2169225
2169652
2177464
2179133
1539648
2194551
2203650
2210303
12723252
2211574
2231164
2231893
2232847
2233868
2234379
2235197
2262071
2262965
2272016
2282836
2285674
2290195
2292490
2298052
2299707
2312707
2329696
2330783
2333276
2337689
1627296
2346404
2347280
2352401
2355655
2381938
2387073
2389944
2395823
2396215
2398299
2399795
2402272
2420153
1453584
2433278
2434032
2445082
2449516
2456303
2461819
2466941
2486179
2498157
2503706
2507307
2507768
2509158
2509922
2513666
2522680
2522814
2523166
2528684
2533232
2546729
2549410
2549839
2555503
2559197
2559822
2562926
2569258
2571062
2577990
2586044
2587320
2588179
2588279
2592045
2596322
2603022
1510344
2610986
2611470
2613775
2627078
2636283
2636856
2642202
2642334
2643184
2661163
2662753
2681433
2682805
2688970
2695723
2715995
2723406
2724855
2727050
2730282
2731474
2734384
2744409
2746621
2749747
2751935
2764611
2783333
2785863
2796449
2800654
2802382
2806503
2807321
2808425
2814395
2815698
2818859
2828552
2832128
2832266
2832492
2833327
2837915
2839824
2845073
2864712
2869059
2869731
2873889
2877013
2880005
2883475
2884227
2892042
2898321
2901429
1474968
2905597
2908583
2910816
2914255
2921905
2928455
2937726
2939344
2942216
2947527
2953180
2958944
2976645
2982304
2985006
2995021
2999861
2999861
3001173
1485528
1632312
3016706
3025315
3046963
3051083
3053398
3068799
3073526
3075357
3084088
3089501
3096495
3102153
3104265
3109123
3116764
3127497
3128662
3140895
3141386
3164299
3166068
3167535
3173283
3180904
3187305
3194020
3206369
3222801
12734944
3230189
3240401
3243374
3246876
3258710
3267949
3275053
3289171
3292009
3294419
3295037
3300814
3307030
3310000
3311882
3319582
3319987
3320000
3330000
3330000
3337649
3340000
3344573
3346835
3350000
3355555
3360000
3360000
3360000
3360000
3360000
3370000
3370000
3380000
3380000
3383439
3395151
3395946
3398324
3402155
3405666
3408007
3410000
3410000
3411618
3415112
3420000
3422482
3430000
3439985
3440000
3440560
3441842
3450000
3450000
3452119
3453364
3458613
3460000
3460000
3463154
3470000
3470000
3470000
3470000
3480000
3480000
3484399
3488211
1522752
3490748
3498831
3501111
3502691
3509249
3510235
3512190
3513337
3513608
1587960
3520825
3521065
3523822
3527273
3533058
3534816
3543707
3551919
3556993
3562390
3570093
3571176
3574879
3575192
3581055
3584674
3584860
3587635
3604654
3605283
3607763
3608808
3620298
3621845
3625760
3626192
3628360
3651979
3654766
3656122
3664052
1512720
3669107
3678011
3686302
3699248
3713728
3721451
3723004
3740190
1516944
3748030
3748884
3762756
3766600
1373592
3786380
3794605
3799557
3810828
3812811
3814137
3816501
3832741
3836561
3847916
3859039
3867767
3876937
3884536
3915875
3923469
3924413
3942638
3943429
3956982
3969103
3970804
3975465
3978973
3982659
3991022
4002054
4004311
4015702
4017452
4021737
4027643
4034228
4042089
4046329
4054102
4094230
4097017
4109608
4113150
4115437
4118269
4122994
4123608
4130604
4137013
4138500
4155252
4156641
4175525
4192425
4198113
50668958
4229554
4230232
4241890
4245014
4249446
4278489
4282126
4305027
4306549
4306721
4307193
4315414
4340398
4347523
4353185
4360035
1493976
4373418
4374602
4386542
4389286
4390709
4392927
4396104
4401675
4410514
4420723
4427246
4432550
4435946
4443607
4451533
4452063
4455222
4460856
4463747
4467151
4471829
4502143
4503802
4531008
4541614
4552001
1495824
4581423
4605174
4607206
1498464
4648518
4657461
4657631
4664849
4702405
4726896
4733623
4747362
4752131
4756458
1495296
4769548
4770529
1515624
4780156
4780678
4783688
4789531
4793464
4793470
4796853
4814860
4818627
4825714
4836526
4843402
4843581
4844963
4853853
4856823
4865598
4876934
4879047
4883721
4899100
4911722
4912469
4916826
4924677
4928492
4936852
4942072
4947011
4964588
4969765
4987166
4991979
5004493
5022823
5049573
5058645
5061689
5076431
5083716
5091178
5091979
5092083
5095781
5106543
5109105
5127416
5137592
5139740
5143459
5150918
5150992
5152389
5161480
5162657
5162702
5162880
5165139
5168778
5172483
5172813
5177457
5194711
5197960
5217096
5237400
5249698
5258074
5269538
5274018
5283407
5285825
5290231
5290569
5291543
5292471
5309670
5326270
5345688
5347476
5369160
5377462
5386883
5389169
5400998
5400998
5401388
5404209
5416921
1510344
5452541
5454398
5474396
5475201
5481075
5503657
5536707
1516416
5548023
5567070
5579310
5587986
5608728
5627494
5636156
5644022
5645239
5682682
5684110
5690108
5695649
5698360
5701218
5768291
5771081
5778489
5781422
1524072
5789771
5793345
1515888
5856835
5859621
5899080
5920628
5931023
5957178
6001805
6008727
6038781
6048709
6049219
6065205
6071945
6142614
6151026
6170870
1501632
6190788
6223772
6259154
6272566
6273312
6293278
6310087
6361752
6399604
6474565
6526121
6529852
6550387
6562105
6581267
6617131
6640168
6640643
6650354
6659609
6685017
6722619
6749004
6762302
6797665
6814783
6859564
6908072
6916183
6929264
6930301
6938061
6943241
6948673
6949762
6962207
6965698
6983459
6986908
7036680
7041923
7053442
7131057
7196827
7254072
7266934
7290919
7315968
7322129
7326329
7346401
7360597
7386977
7446630
7464444
7466342
7492735
7492785
7497993
7528635
7580897
7589113
7596253
7612343
7650677
7659700
7698874
7702744
7708258
7714971
7743349
7744041
7750354
7779649
7814999
7834745
7859405
7887300
7894575
7905524
7938433
7944387
7967937
7970157
7982506
8002497
8026726
8122745
8133757
8141169
8145975
8163822
8168803
8174197
8175523
8207158
8214685
8224342
8251133
8271046
8336196
8373204
8396786
8413711
8416550
8442327
8444358
8477834
8481650
8482036
8490687
8500994
8513554
8545269
8546612
8556889
8558837
8597491
8659015
8668063
8672692
8693829
8801547
8825750
8894079
8894796
9002182
9003762
9031068
9077437
9138300
9328076
9381898
9402667
9466307
9467392
9473916
9577019
9729524
9752594
9796553
9904350
9988827
9995597
10014893
10096002
10319101
10342587
10413068
10436261
10518737
10549989
10576243
10641273
10758847
10802226
10807092
10827255
10862696
10893940
11001752
11013071
11068006
11088255
11124147
11145338
11236713
11287252
11290291
11291077
19357
22117
32005
11373008
35285
32872
11422872
21204
11463431
11463576
11466588
18974
11513382
22619
11556839
34011
37000
29283
11583382
11584474
11591712
27451
21244
21734
11628188
24378
23000
11681668
11688029
23009
19875
18751
18394
22540
11793662
23260
27277
34611
11845749
11871805
11882209
11892977
11900108
11903746
11914514
11917639
11918006
11925282
11935905
11948312
11953803
11971342
11971702
11989600
11994371
12007499
12011277
12017401
12025398
12040430
12041523
12042616
12043296
12043709
12044802
12044872
12045895
12045895
12045895
12045895
12045895
12045895
12045895
12065585
12067593
12076243
34620
12171695
12199152
12206786
12268361
12320737
12467611
12477303
12486317
12553864
12561161
12588083
12621201
12640304
12656296
12677054
12679075
12813214
12844587
12927445
12952913
12973310
12984395
12987625
13016004
13017316
13023125
34620
13090715
13105901
13122548
13127275
13148697
13159132
13190024
13222628
13229432
13271407
13272414
13299812
13301396
34620
13387331
34620
13449750
13455654
13479259
13522581
34620
13545069
13569403
13575985
13578592
13587901
13590241
13599162
13623706
34620
13739200
13747396
13760652
13789693
13859486
13914429
13931778
13987110
13992224
14019694
14023811
14054873
14086407
14097024
14100576
14109585
14110020
14162755
14188151
14288947
14291719
14301933
14364570
14378861
14410167
14430385
14436913
14477092
14501198
14570175
14588618
14647901
14656770
14662465
14694341
14753715
14758431
14799998
14902009
14903248
14917941
14984713
15003279
15004342
15065236
15067921
15153958
15157663
15162585
15182878
15218721
15232428
15238433
15240149
15243667
15254219
15320610
15326483
15344161
15397124
15408908
15448576
15450462
15452337
15474682
15493574
15496100
15517442
15540458
15560427
15616714
15672861
15695063
15716984
15748000
15784883
15846982
15848280
15856891
15857833
15862799
15868482
15876424
15949708
15955334
15981661
16002206
16200360
16241752
16279844
16340534
16350246
16362315
16389712
16467323
16500672
16510042
16517391
16524753
16554025
16599244
16629756
16678965
16706530
16837203
16905232
16924249
16952946
16997162
17005856
17027900
17138632
17150858
17209289
17344983
17346187
17366743
17396327
17408981
17432738
17447706
17484241
17530172
17530650
17534807
17605097
17629295
17708346
17719340
17911248
17953944
18044268
18140983
18163448
18211913
18292070
18292761
18367344
18380013
18443498
18444214
18445181
18493229
18493323
51445794
18504358
18520218
18577682
18616117
18651377
18679338
18680056
18680567
18861239
18948843
18984798
19027606
19087470
19137700
19302363
19306491
19314179
19317738
19413756
19438356
19513870
19572127
19590909
19640464
19667334
19697977
19765731
19820311
19858140
19894276
19927766
20039132
20098608
20104196
20166892
20214299
20231745
20256079
20371062
20468203
20469209
20488418
20514891
20533213
20596767
20612426
20646015
20651685
20657810
20742986
20899887
20966176
20969675
20976947
21011985
21025535
21053368
21219282
21352957
21407251
21466909
21592554
21607819
21730618
21920203
21945776
21973312
22078932
22103508
22103508
22322958
22335138
22369054
22437505
22495129
22516538
22561473
22648972
22841493
22972786
23017754
23026738
23152459
23189843
23365944
23389631
23486057
23550557
23631352
24270724
24442304
24582072
24590619
24691717
24708600
24766371
24892519
25052688
25094019
25336973
25399719
25713043
25738228
25867752
26474373
26540397
27252132
27294543
27548219
28134686
28429832
30632954
30650460
30711057
30921869
31242079
32095728
32494403
32801958
33201259
33905365
34011490
34054008
34485525
44658666
44850811
45408886
46546528
46829662
48049852
48200005
48636452
49277238
49285190
49636338
49836601
50237576
51791953
52099382
52153543
52216747
52264584
52726653
53049495
53304212
53520496
54207907
54812890
55402963
55430691
55482210
55734805