500
227 438 49
227 265 97
227 232 53
438 425 5
438 139 33
146 212 65
146 466 62
146 473 51
212 209 100
212 226 38
392 493 61
392 172 45
392 161 74
493 22 27
493 363 64
294 348 17
294 311 36
294 48 17
348 35 96
348 376 12
83 421 79
83 27 32
83 195 68
421 135 90
421 219 77
334 430 18
334 62 39
334 188 12
430 351 93
430 36 9
144 251 87
144 234 42
144 427 60
251 11 71
251 311 12
277 286 45
277 428 55
277 153 40
286 478 78
286 77 81
93 187 26
93 418 70
93 50 61
187 411 56
187 63 66
24 353 33
24 226 7
24 224 70
353 356 1
353 247 11
147 167 92
147 389 51
147 452 90
167 139 100
167 63 85
6 466 80
6 169 0
6 14 78
466 412 63
156 243 42
156 457 31
156 462 93
243 136 41
243 406 90
179 245 8
179 464 24
179 47 72
245 218 28
245 370 30
359 450 18
359 17 69
359 415 57
450 254 11
450 37 10
91 281 40
91 197 65
91 283 62
281 330 13
281 411 38
137 248 70
137 41 37
137 407 90
248 20 15
248 472 70
97 175 42
97 268 69
97 408 26
175 387 77
175 298 70
43 204 75
43 276 36
43 108 56
204 120 11
204 303 76
20 452 49
20 160 40
180 475 73
180 326 30
180 478 37
475 66 23
475 32 24
77 373 23
77 341 4
373 205 78
373 305 84
33 285 33
33 497 60
33 67 8
285 90 11
285 0 86
150 443 96
150 386 16
150 458 19
443 304 4
443 395 10
387 140 89
387 376 69
112 349 87
112 163 50
112 417 90
349 333 67
349 424 35
142 210 66
142 298 30
142 342 27
210 235 86
210 216 75
81 352 53
81 52 74
81 143 35
352 313 57
352 439 63
169 65 84
169 309 82
37 282 89
37 127 45
282 28 10
282 206 41
262 391 78
262 432 14
262 209 62
391 128 75
391 256 80
80 225 42
80 456 24
80 414 31
225 76 2
225 460 93
153 484 34
153 350 14
484 415 90
484 343 28
208 420 47
208 182 21
208 235 42
420 394 54
420 413 7
4 114 12
4 82 100
4 325 18
114 371 89
114 71 28
258 259 5
258 237 73
258 55 81
259 29 68
259 170 77
56 133 87
56 244 9
56 476 3
133 455 15
133 229 81
5 487 24
5 157 77
5 29 73
487 296 15
487 492 50
166 441 11
166 463 47
166 337 14
441 87 4
441 457 77
35 460 2
35 485 24
50 486 23
50 469 91
486 221 15
486 317 61
106 399 26
106 25 93
106 416 7
399 134 86
399 488 2
96 364 69
96 498 54
96 255 79
364 246 12
364 446 33
139 250 8
46 125 28
46 105 9
46 256 82
125 85 38
125 59 44
341 220 55
341 318 23
54 474 7
54 287 64
54 145 59
474 311 5
474 312 76
291 310 12
291 265 89
291 488 50
310 256 25
310 49 33
340 431 45
340 25 93
340 343 60
431 481 72
431 429 21
249 322 89
249 126 86
249 418 26
322 496 98
322 355 7
135 300 100
135 122 86
300 254 20
300 401 20
460 449 43
66 198 67
66 273 32
192 462 15
192 271 76
192 454 56
462 231 85
62 306 22
62 427 1
478 17 60
313 113 87
313 482 52
82 30 72
82 85 65
326 317 39
326 335 83
23 104 45
23 480 49
23 152 84
104 268 32
104 467 19
216 419 71
216 416 88
419 188 1
419 378 58
163 264 94
163 141 10
264 468 42
264 302 94
468 489 5
468 453 69
371 118 35
371 61 17
103 389 30
103 44 97
103 42 61
389 186 45
464 98 78
464 115 36
128 117 86
128 336 45
415 490 75
205 213 81
205 122 79
11 267 16
11 230 91
98 130 39
98 272 49
130 412 95
130 45 53
79 126 83
79 306 10
79 436 0
126 34 76
271 476 24
271 60 89
476 233 42
63 307 20
307 347 30
307 102 28
257 312 81
257 53 57
257 479 48
312 19 90
347 453 86
347 428 72
453 440 53
181 402 4
181 121 51
181 412 89
402 113 72
402 2 53
356 479 98
356 473 84
51 472 90
51 345 5
51 278 21
472 452 57
296 32 8
296 289 33
113 422 89
263 319 20
263 165 57
263 425 67
319 276 62
319 134 71
198 360 77
198 461 96
360 64 0
360 253 4
268 380 63
233 327 41
233 94 39
88 485 59
88 124 6
88 398 53
485 470 24
188 132 70
498 370 81
498 152 10
292 382 92
292 344 16
292 157 1
382 41 51
382 67 86
317 414 53
41 237 40
115 191 0
115 171 27
191 28 1
191 252 91
394 173 96
394 459 0
238 429 86
238 26 67
238 355 78
429 381 12
27 465 24
27 70 15
465 388 77
465 101 83
376 479 25
69 480 38
69 442 35
69 333 88
480 32 23
190 361 12
190 217 60
190 203 50
361 288 80
361 320 10
172 325 2
172 86 35
325 234 57
457 372 14
171 366 32
171 242 17
366 47 83
366 270 66
12 449 83
12 396 82
12 68 44
449 440 14
34 397 19
34 260 35
397 92 2
397 215 5
140 61 5
140 372 26
217 393 87
217 116 33
87 232 71
87 109 40
232 444 46
289 339 72
289 199 5
339 95 95
339 165 89
306 333 77
134 173 83
173 111 63
244 17 91
244 99 82
161 437 58
161 287 81
437 31 55
437 29 47
53 7 68
53 324 22
59 426 26
59 495 48
426 448 75
426 384 37
413 213 1
413 355 17
28 55 19
351 445 34
351 467 42
445 250 43
445 345 47
448 92 91
448 158 11
1 48 43
1 260 99
1 301 79
48 469 4
252 295 5
252 211 34
295 84 20
295 379 19
95 21 74
95 85 37
110 229 46
110 158 50
110 362 70
229 375 16
298 206 37
165 3 14
64 68 61
64 323 93
427 18 30
174 241 6
174 489 39
174 209 22
241 386 66
241 111 93
327 132 9
327 184 38
288 129 51
288 436 42
39 434 38
39 193 53
39 374 13
434 377 12
434 107 71
265 7 61
123 275 60
123 127 43
123 58 43
275 436 15
275 164 61
246 293 14
246 176 89
94 495 63
94 168 54
495 47 4
203 222 38
203 89 42
200 424 94
200 218 87
200 390 19
424 76 21
182 10 80
182 499 72
330 482 48
330 255 81
162 388 11
162 219 8
162 454 10
388 185 25
423 432 95
423 178 28
423 72 7
432 89 49
157 284 1
116 290 12
116 149 50
290 400 71
290 202 66
44 398 37
44 207 57
22 267 62
22 489 100
117 273 74
117 350 91
273 197 86
19 357 27
19 201 54
357 336 10
357 230 47
314 354 28
314 57 33
314 49 74
354 400 99
354 377 21
194 447 55
194 9 24
194 266 45
447 367 14
447 272 8
31 331 89
31 143 3
331 201 67
331 109 57
131 418 96
131 127 86
131 101 25
164 186 15
164 405 63
186 159 50
21 403 32
21 362 26
403 297 82
403 143 5
455 380 27
455 266 79
36 284 18
36 492 13
284 483 25
14 488 58
14 459 48
67 119 46
119 160 69
119 73 19
58 299 13
58 177 76
299 196 62
299 469 18
189 215 72
189 278 51
189 124 81
215 16 87
237 383 54
141 342 66
141 183 63
342 185 86
7 369 41
369 40 63
369 393 63
250 332 81
242 272 85
242 223 25
328 433 69
328 70 78
328 365 28
433 396 1
433 414 43
129 471 90
129 380 95
471 338 40
471 177 41
26 220 4
26 78 67
220 318 18
197 491 32
456 170 77
456 490 100
49 60 19
60 45 48
396 221 74
108 384 37
108 71 91
384 321 90
395 477 60
395 89 8
477 231 10
477 318 66
65 324 5
65 195 8
324 118 28
9 280 16
9 105 5
280 195 38
280 2 1
425 269 97
86 374 57
86 38 42
374 338 20
2 223 19
386 211 83
160 228 58
470 372 47
470 109 64
10 253 48
10 344 67
253 378 64
406 491 4
406 120 73
491 276 11
30 320 86
30 267 66
320 269 97
287 409 76
68 185 9
219 494 95
494 255 54
494 404 96
409 367 26
409 408 37
211 145 68
228 323 76
228 368 53
323 405 61
71 367 49
343 408 77
226 118 75
231 168 29
177 329 2
183 199 84
183 52 0
199 383 94
344 254 23
247 458 38
247 100 64
458 90 72
176 178 32
176 400 42
178 149 8
236 496 63
236 0 33
236 398 38
496 459 98
442 184 52
442 78 49
45 332 49
332 159 7
274 411 20
274 302 82
274 240 16
122 444 30
444 0 36
132 321 93
100 304 42
100 196 7
304 381 4
152 305 61
305 401 53
149 497 18
428 138 62
151 196 77
151 297 91
151 202 10
497 107 86
321 404 89
214 410 19
214 358 45
214 473 52
410 315 4
410 467 78
3 483 59
3 417 49
483 336 58
25 148 6
363 279 12
363 73 60
138 155 99
138 145 19
155 40 2
155 13 4
346 422 76
346 375 79
346 335 16
422 8 80
218 223 41
358 405 13
358 207 89
206 224 70
42 303 83
42 121 44
303 499 24
120 235 49
393 416 100
136 230 99
136 454 99
329 121 62
329 75 14
73 84 7
40 337 78
75 345 89
75 154 59
8 463 78
8 224 80
482 440 43
72 159 83
72 390 15
57 451 87
57 270 91
279 446 79
279 481 37
170 309 100
370 213 16
92 375 49
337 461 37
239 308 95
239 202 87
239 55 15
308 385 66
308 154 100
61 124 24
269 13 4
15 38 100
15 377 50
15 78 56
38 407 47
70 316 96
463 16 24
385 350 58
385 105 45
338 435 80
435 379 9
435 148 5
362 365 5
365 101 62
297 76 32
102 315 3
102 417 66
84 481 85
158 111 72
260 383 73
168 201 27
293 222 29
293 261 11
492 154 99
184 283 80
446 18 99
315 18 64
74 240 89
74 301 67
74 99 53
240 222 64
461 278 39
90 13 14
379 407 18
270 207 54
107 301 72
283 309 54
234 439 10
439 99 13
16 193 53
148 193 8
335 52 12
390 266 53
368 378 99
368 316 19
499 221 93
261 401 3
261 451 57
381 451 55
302 316 87
490 404 53
